tree
version=v2
num_class=1
num_tree_per_iteration=1
label_index=0
max_feature_idx=8
objective=regression
feature_names=Column_0 Column_1 Column_2 Column_3 Column_4 Column_5 Column_6 Column_7 Column_8
feature_infos=[0:23] [0:6] [1:12] [0:2] none [0:1] [0:1] [0:1] [-9.5699996948242188:95.769996643066406]
tree_sizes=705 717 721 713 716 723 712 711 722 709 720 715 727 730 724 738 722 717 724 718

Tree=0
num_leaves=8
num_cat=0
split_feature=0 0 2 0 2 0 8
split_gain=1168.54 254.711 320.914 273.375 140.645 85.2945 89.1458
threshold=5.5000000000000009 1.0000000180025095e-35 10.500000000000002 3.5000000000000004 3.5000000000000004 3.5000000000000004 43.524999618530281
decision_type=2 2 2 2 2 2 2
left_child=1 -1 4 -4 5 -3 -7
right_child=-2 2 3 -5 -6 6 -8
leaf_value=0.26699909561224944 0.23272729619599275 0.43011737599369437 0.61957974033451624 0.34957974106301748 0.30194325426344498 0.30494205952494935 0.57024640063342003
leaf_count=837 15305 248 108 108 983 207 20
internal_value=0 0.627623 0.852832 1.99038 0.684307 1.13111 0.688186
internal_count=17816 2511 1674 216 1458 475 227
shrinkage=1


Tree=1
num_leaves=8
num_cat=0
split_feature=0 0 2 0 1 1 0
split_gain=904.92 197.249 248.516 211.702 175.808 125.558 268.786
threshold=5.5000000000000009 1.0000000180025095e-35 10.500000000000002 3.5000000000000004 5.5000000000000009 1.0000000180025095e-35 1.5000000000000002
decision_type=2 2 2 2 2 2 2
left_child=1 -1 4 -4 5 6 -3
right_child=-2 2 3 -5 -6 -7 -8
leaf_value=0.018712797271735353 -0.011446386154085076 0.29908284788781947 0.32898377180099486 0.09138376388284894 0.17412889908375354 0.038802294914539043 0.016556321713659498
leaf_count=837 15305 88 108 108 209 1053 108
internal_value=0 0.552308 0.750492 1.75153 0.60219 0.460143 1.19504
internal_count=17816 2511 1674 216 1458 1249 196
shrinkage=0.12


Tree=2
num_leaves=8
num_cat=0
split_feature=1 8 2 7 8 8 8
split_gain=157.723 62.6905 50.6262 39.8685 90.3452 37.2374 32.581
threshold=4.5000000000000009 61.98500061035157 4.5000000000000009 0.99500000476837169 52.475000381469734 33.424999237060554 66.134998321533217
decision_type=2 2 2 2 2 2 2
left_child=5 3 6 -2 -5 -1 -3
right_child=1 2 -4 4 -6 -7 -8
leaf_value=0.0068203724866563627 0.024865910158895801 0.15285352181415168 -0.0054418473842218476 0.041400225210834189 0.32341378433363777 -0.010522172687405889 0.0097253612862076861
leaf_count=2145 3227 49 1697 74 21 10560 43
internal_value=0 0.144738 -0.00618037 0.226012 0.864501 -0.0632851 0.716306
internal_count=17816 5111 1789 3322 95 12705 92
shrinkage=0.12


Tree=3
num_leaves=8
num_cat=0
split_feature=0 0 0 1 8 1 8
split_gain=693.636 152.816 195.467 440.956 393.299 231.691 167.434
threshold=5.5000000000000009 1.0000000180025095e-35 3.5000000000000004 1.0000000180025095e-35 46.604999542236335 5.5000000000000009 39.104999542236335
decision_type=2 2 2 2 2 2 2
left_child=1 -1 3 4 -3 -5 -7
right_child=-2 2 -4 5 -6 6 -8
leaf_value=0.016210219842985964 -0.0099716724449417544 0.57554111801087859 0.037954275247297789 0.055320721097079771 0.11316334343873537 0.41281134356526616 0.12996554017066955
leaf_count=837 15305 54 836 601 52 47 84
internal_value=0 0.483965 0.658405 0.999709 2.90595 0.723668 1.9287
internal_count=17816 2511 1674 838 106 732 131
shrinkage=0.12


Tree=4
num_leaves=8
num_cat=0
split_feature=1 2 7 2 2 8 8
split_gain=119.2 51.797 57.2608 49.4937 36.4614 33.6295 32.5891
threshold=4.5000000000000009 10.500000000000002 0.99500000476837169 4.5000000000000009 2.5000000000000004 29.175000190734867 17.880000114440922
decision_type=2 2 2 2 2 2 2
left_child=-1 3 5 4 -2 6 -3
right_child=1 2 -4 -5 -6 -7 -8
leaf_value=-0.0065608665357655025 0.0078358978785649687 -0.012921304049030427 0.24552737206220626 -0.00047746686661829705 0.041585853721146801 0.026619299917496998 0.12806952740206862
leaf_count=12705 891 31 20 2562 955 553 99
internal_value=0 0.12617 0.378252 0.0859668 0.210799 0.329414 0.787072
internal_count=17816 5111 703 4408 1846 683 130
shrinkage=0.12


Tree=5
num_leaves=8
num_cat=0
split_feature=0 0 0 2 1 5 1
split_gain=564.716 101.238 186.977 161.913 116.573 87.5033 86.2516
threshold=5.5000000000000009 1.0000000180025095e-35 3.5000000000000004 10.500000000000002 4.5000000000000009 1.0000000180025095e-35 1.0000000180025095e-35
decision_type=2 2 2 2 2 2 2
left_child=1 -1 3 6 -4 -6 -3
right_child=-2 2 4 -5 5 -7 -8
leaf_value=0.019058338112847503 -0.0086484160189768018 0.19425054143384557 0.0022643951846332087 0.24398793209410671 0.076243866598102408 0.31355713205337521 0.072655894866115164
leaf_count=873 15254 97 615 112 213 25 627
internal_value=0 0.435316 0.57823 0.914316 0.248842 0.843098 0.741224
internal_count=17816 2562 1689 836 853 238 724
shrinkage=0.12


Tree=6
num_leaves=8
num_cat=0
split_feature=0 0 0 2 7 8 2
split_gain=437.316 78.3987 144.795 125.385 80.6462 74.8559 50.9873
threshold=5.5000000000000009 1.0000000180025095e-35 3.5000000000000004 10.500000000000002 0.94499999284744274 27.634999275207523 4.5000000000000009
decision_type=2 2 2 2 2 2 2
left_child=1 -1 3 6 -4 -5 -3
right_child=-2 2 4 5 -6 -7 -8
leaf_value=0.01677133766236584 -0.0076106056937528055 0.1151784765488893 0.018875727703658543 0.010490302017756871 0.21020611719651655 0.26183686127374461 0.050794441361025157
leaf_count=873 15254 309 820 21 33 91 415
internal_value=0 0.383078 0.508842 0.804598 0.218981 1.78924 0.652277
internal_count=17816 2562 1689 836 853 112 724
shrinkage=0.12


Tree=7
num_leaves=8
num_cat=0
split_feature=0 1 7 2 1 0 8
split_gain=338.658 82.1691 92.6814 209.554 133.958 56.9304 81.261
threshold=5.5000000000000009 5.5000000000000009 0.37500000000000006 10.500000000000002 4.5000000000000009 1.0000000180025095e-35 55.645000457763679
decision_type=2 2 2 2 2 2 2
left_child=1 2 -1 4 -4 -3 -7
right_child=-2 5 3 -5 -6 6 -8
leaf_value=0.023808195741031254 -0.0066973329852898682 0.030213017978451471 0.0099283211131195922 0.41365479201078414 0.278152258883823 0.185579893017109 0.040323472219509084
leaf_count=1993 15254 132 143 28 33 142 91
internal_value=0 0.337109 0.264113 0.906091 0.501836 0.776482 1.07374
internal_count=17816 2562 2197 204 176 365 233
shrinkage=0.12


Tree=8
num_leaves=8
num_cat=0
split_feature=0 1 7 1 2 1 1
split_gain=262.256 63.6317 71.7725 168.444 86.6736 55.5878 46.9863
threshold=5.5000000000000009 5.5000000000000009 0.37500000000000006 4.5000000000000009 10.500000000000002 4.5000000000000009 1.0000000180025095e-35
decision_type=2 2 2 2 2 2 2
left_child=1 2 6 4 -4 -2 -1
right_child=5 -3 3 -5 -6 -7 -8
leaf_value=0.061291974106760225 -0.010494830358466028 0.081996467941427884 0.0087369236829397557 0.32358957903949837 0.25972138648447785 0.0055111797735383876 0.01253567393690691
leaf_count=344 10869 365 143 38 23 4385 1649
internal_value=0 0.296656 0.23242 0.79736 0.362599 -0.0491138 0.174593
internal_count=17816 2562 2197 204 166 15254 1993
shrinkage=0.12


Tree=9
num_leaves=8
num_cat=0
split_feature=0 0 2 8 8 8 2
split_gain=211.465 139.117 85.5968 54.8601 39.3977 73.1712 39.3829
threshold=3.5000000000000004 1.0000000180025095e-35 10.500000000000002 27.634999275207523 41.354999542236335 36.585000991821296 6.5000000000000009
decision_type=2 2 2 2 2 2 2
left_child=1 -1 6 -4 5 -5 -3
right_child=-2 2 3 4 -6 -7 -8
leaf_value=0.0066960812851632988 -0.0041942078137690852 0.081667865313228533 -0.0020150535447256905 0.161712498320983 0.091594545443852746 0.42470243296623228 0.023792377124230067
leaf_count=873 16107 454 21 39 27 25 270
internal_value=0 0.335001 0.626557 1.44011 1.77632 2.20369 0.500704
internal_count=17816 1709 836 112 91 64 724
shrinkage=0.12


Tree=10
num_leaves=8
num_cat=0
split_feature=0 1 0 2 2 2 0
split_gain=152.288 135.141 205.267 162.537 128.716 69.6197 101.247
threshold=3.5000000000000004 1.0000000180025095e-35 1.0000000180025095e-35 9.5000000000000018 3.5000000000000004 10.500000000000002 1.0000000180025095e-35
decision_type=2 2 2 2 2 2 2
left_child=1 2 -1 4 -4 -3 -7
right_child=-2 5 3 -5 -6 6 -8
leaf_value=0.010659820231366593 -0.0041550911238027169 0.010027073227203765 0.3562529397010803 0.49917355752908271 0.047248229303143235 0.00031611095187499336 0.17551293637878015
leaf_count=121 16125 1269 30 26 55 95 95
internal_value=0 0.280814 0.989748 1.97183 1.30257 0.168084 0.732621
internal_count=17816 1691 232 111 85 1459 190
shrinkage=0.12


Tree=11
num_leaves=8
num_cat=0
split_feature=0 2 5 1 8 1 1
split_gain=122.355 91.62 90.796 91.8207 51.1582 34.3829 33.6648
threshold=5.5000000000000009 10.500000000000002 1.0000000180025095e-35 5.5000000000000009 42.315000534057624 4.5000000000000009 1.0000000180025095e-35
decision_type=2 2 2 2 2 2 2
left_child=1 -1 3 6 -4 -2 -3
right_child=5 2 4 -5 -6 -7 -8
leaf_value=0.015006482604570971 -0.0081591025156462008 0.12264869663715361 0.38620134001784023 0.24119005332674298 0.12102347266267645 0.00440084403819493 0.01308631104656628
leaf_count=2188 10880 50 20 35 22 4411 210
internal_value=0 0.199812 0.685182 0.489328 2.06082 -0.0377994 0.284633
internal_count=17816 2525 337 295 42 15291 260
shrinkage=0.12


Tree=12
num_leaves=8
num_cat=0
split_feature=2 1 8 2 1 8 3
split_gain=38.5427 25.4953 46.433 21.551 28.8772 44.163 19.6376
threshold=10.500000000000002 4.5000000000000009 57.375000000000007 4.5000000000000009 4.5000000000000009 54.065000534057624 1.0000000180025095e-35
decision_type=2 2 2 2 2 2 2
left_child=3 -2 -3 4 -1 -6 -7
right_child=1 2 -4 -5 5 6 -8
leaf_value=-0.0024562142552108932 0.0058382624948156202 0.027602499153331985 0.20880613429205758 -0.0064646663825539945 0.007832160732973048 0.073121734006436109 -0.031692140061279822
leaf_count=4610 1723 672 21 8935 1597 229 29
internal_value=0 0.113801 0.275779 -0.0220515 0.0219266 0.127286 0.511169
internal_count=17816 2416 693 15400 6465 1855 258
shrinkage=0.12


Tree=13
num_leaves=8
num_cat=0
split_feature=2 1 8 8 1 2 2
split_gain=29.8474 19.7435 35.9577 19.5658 16.5938 21.2581 18.0788
threshold=10.500000000000002 4.5000000000000009 57.375000000000007 6.1599998474121103 4.5000000000000009 5.5000000000000009 2.5000000000000004
decision_type=2 2 2 2 2 2 2
left_child=3 -2 -3 -1 -5 6 -6
right_child=1 2 -4 4 5 -7 -8
leaf_value=0.06494697998608312 0.0051376701746994298 0.024290199159711066 0.18374938249588013 -0.0051067611373645395 -0.001926630601847593 -0.005068307575235082 0.019995230943195906
leaf_count=62 1723 672 21 10931 877 2113 1417
internal_value=0 0.100145 0.242686 -0.0194053 -0.0216715 0.0301306 0.0967872
internal_count=17816 2416 693 15400 15338 4407 2294
shrinkage=0.12


Tree=14
num_leaves=8
num_cat=0
split_feature=0 1 0 8 8 1 0
split_gain=95.3971 103.034 159.779 200.823 82.9065 42.8676 60.0083
threshold=3.5000000000000004 1.0000000180025095e-35 1.0000000180025095e-35 31.154999732971195 65.884998321533217 5.5000000000000009 1.0000000180025095e-35
decision_type=2 2 2 2 2 2 2
left_child=1 2 -1 -4 -5 -3 -7
right_child=-2 5 3 4 -6 6 -8
leaf_value=0.0056786636281604607 -0.003180796340177225 0.0056357793303414378 0.54933181509375573 0.1940419002201246 -0.073480684161186222 0.00020500684859322719 0.11804832438784321
leaf_count=121 16125 1210 20 69 22 122 127
internal_value=0 0.223155 0.842172 1.70863 1.07805 0.124723 0.502582
internal_count=17816 1691 232 111 91 1459 249
shrinkage=0.12


Tree=15
num_leaves=8
num_cat=0
split_feature=1 3 6 7 8 2 8
split_gain=26.5243 18.8483 14.8792 13.3956 80.3492 14.7624 49.3359
threshold=4.5000000000000009 1.0000000180025095e-35 1.0000000180025095e-35 0.99500000476837169 58.18499946594239 4.5000000000000009 29.175000190734867
decision_type=2 2 2 2 2 2 2
left_child=2 3 -1 5 -5 -2 -7
right_child=1 -3 -4 4 -6 6 -8
leaf_value=-0.0030234527721333857 0.017738306722919168 -0.015261465953242395 0.027391570023560925 0.0022485893113272531 0.26265441264425005 0.076444662460125976 0.00018018855349635283
leaf_count=12462 1742 465 236 91 21 128 2671
internal_value=0 0.0647879 -0.0204848 0.0839722 0.425622 0.0755456 0.0305651
internal_count=17816 5118 12698 4653 112 4541 2799
shrinkage=0.12


Tree=16
num_leaves=8
num_cat=0
split_feature=0 1 0 0 8 1 8
split_gain=83.9971 84.0025 101.251 204.828 179.528 38.9939 67.5853
threshold=5.5000000000000009 1.0000000180025095e-35 1.5000000000000002 1.0000000180025095e-35 46.604999542236335 5.5000000000000009 30.935000419616703
decision_type=2 2 2 2 2 2 2
left_child=1 2 3 -1 -5 -3 -7
right_child=-2 5 -4 4 -6 6 -8
leaf_value=0.011365104581998742 -0.0029006759249546278 0.0044015306704285424 -0.0065545536631302871 0.40244176447391511 0.096610795264526941 0.1564586493239474 0.022864531195522269
leaf_count=115 15322 1769 139 52 59 67 293
internal_value=0 0.173721 0.616961 1.03001 1.99902 0.0977311 0.397732
internal_count=17816 2494 365 226 111 2129 360
shrinkage=0.12


Tree=17
num_leaves=8
num_cat=0
split_feature=0 1 2 2 0 0 1
split_gain=65.0474 65.0515 85.373 59.3602 37.2997 60.5534 30.1969
threshold=5.5000000000000009 1.0000000180025095e-35 11.500000000000002 3.5000000000000004 1.5000000000000002 1.0000000180025095e-35 5.5000000000000009
decision_type=2 2 2 2 2 2 2
left_child=1 2 3 4 5 -1 -3
right_child=-2 6 -4 -5 -6 -7 -8
leaf_value=0.047198355245590205 -0.0025525947728382357 0.0038733470142772127 0.26269603057154295 0.015502242544029331 0.038533925981056399 0.29479081205346369 0.042000534412761525
leaf_count=25 15322 1769 29 237 41 33 360
internal_value=0 0.152875 0.542926 0.400843 1.05117 1.56725 0.0860034
internal_count=17816 2494 365 336 99 58 2129
shrinkage=0.12


Tree=18
num_leaves=8
num_cat=0
split_feature=0 1 0 0 8 2 8
split_gain=50.3727 50.3759 71.4459 144.393 114.821 26.4297 32.4735
threshold=5.5000000000000009 1.0000000180025095e-35 1.5000000000000002 1.0000000180025095e-35 46.604999542236335 4.5000000000000009 40.674999237060554
decision_type=2 2 2 2 2 2 2
left_child=1 2 3 -1 -5 6 -3
right_child=-2 5 -4 4 -6 -7 -8
leaf_value=0.0047347537901090541 -0.0022462830675704848 0.011658054981282149 -0.010364139875490889 0.32660413660825444 0.082021141527062746 -0.0010847591884362423 0.066613659516606541
leaf_count=115 15322 567 139 52 59 1349 213
internal_value=0 0.13453 0.477775 0.824748 1.63834 0.075683 0.22221
internal_count=17816 2494 365 226 111 2129 780
shrinkage=0.12


Tree=19
num_leaves=8
num_cat=0
split_feature=0 1 8 1 8 0 0
split_gain=39.0086 39.0111 65.6699 23.3864 52.3231 72.1169 112.978
threshold=5.5000000000000009 1.0000000180025095e-35 24.935000419616703 5.5000000000000009 30.935000419616703 1.0000000180025095e-35 3.5000000000000004
decision_type=2 2 2 2 2 2 2
left_child=1 2 -1 -3 5 -5 -7
right_child=-2 3 -4 4 -6 6 -8
leaf_value=0.25143344541842289 -0.0019767293928419855 0.0023184695785339773 0.037562165352415411 -0.040655352084533025 0.013995185044336644 0.42278924814292362 0.037815855845161103
leaf_count=22 15322 1769 343 23 293 21 23
internal_value=0 0.118386 0.420442 0.066601 0.298932 1.09618 1.84628
internal_count=17816 2494 365 2129 360 67 44
shrinkage=0.12


end of trees

feature importances:
Column_0=41
Column_1=32
Column_8=29
Column_2=27
Column_7=6
Column_3=2
Column_5=2
Column_6=1

parameters:
[boosting: gbdt]
[objective: regression]
[metric: rmse]
[tree_learner: serial]
[device_type: cpu]
[data: ]
[valid: ]
[num_iterations: 100]
[learning_rate: 0.12]
[num_leaves: 8]
[num_threads: 0]
[max_depth: -1]
[min_data_in_leaf: 20]
[min_sum_hessian_in_leaf: 0.001]
[bagging_fraction: 0.8]
[bagging_freq: 5]
[bagging_seed: 3]
[feature_fraction: 0.9]
[feature_fraction_seed: 2]
[early_stopping_round: 0]
[max_delta_step: 0]
[lambda_l1: 0]
[lambda_l2: 0]
[min_gain_to_split: 0]
[drop_rate: 0.1]
[max_drop: 50]
[skip_drop: 0.5]
[xgboost_dart_mode: 0]
[uniform_drop: 0]
[drop_seed: 4]
[top_rate: 0.2]
[other_rate: 0.1]
[min_data_per_group: 100]
[max_cat_threshold: 32]
[cat_l2: 10]
[cat_smooth: 10]
[max_cat_to_onehot: 4]
[top_k: 20]
[monotone_constraints: ]
[feature_contri: ]
[forcedsplits_filename: ]
[refit_decay_rate: 0.9]
[verbosity: 0]
[max_bin: 255]
[min_data_in_bin: 3]
[bin_construct_sample_cnt: 200000]
[histogram_pool_size: -1]
[data_random_seed: 1]
[output_model: LightGBM_model.txt]
[snapshot_freq: -1]
[input_model: ]
[output_result: LightGBM_predict_result.txt]
[initscore_filename: ]
[valid_data_initscores: ]
[pre_partition: 0]
[enable_bundle: 1]
[max_conflict_rate: 0]
[is_enable_sparse: 1]
[sparse_threshold: 0.8]
[use_missing: 1]
[zero_as_missing: 0]
[two_round: 0]
[save_binary: 0]
[enable_load_from_binary_file: 1]
[header: 0]
[label_column: ]
[weight_column: ]
[group_column: ]
[ignore_column: ]
[categorical_feature: ]
[predict_raw_score: 0]
[predict_leaf_index: 0]
[predict_contrib: 0]
[num_iteration_predict: -1]
[pred_early_stop: 0]
[pred_early_stop_freq: 10]
[pred_early_stop_margin: 10]
[convert_model_language: ]
[convert_model: gbdt_prediction.cpp]
[num_class: 1]
[is_unbalance: 0]
[scale_pos_weight: 1]
[sigmoid: 1]
[boost_from_average: 1]
[reg_sqrt: 0]
[alpha: 0.9]
[fair_c: 1]
[poisson_max_delta_step: 0.7]
[tweedie_variance_power: 1.5]
[max_position: 20]
[label_gain: ]
[metric_freq: 1]
[is_provide_training_metric: 0]
[eval_at: ]
[num_machines: 1]
[local_listen_port: 12400]
[time_out: 120]
[machine_list_filename: ]
[machines: ]
[gpu_platform_id: -1]
[gpu_device_id: -1]
[gpu_use_dp: 0]

end of parameters

pandas_categorical:null
