tree
version=v2
num_class=1
num_tree_per_iteration=1
label_index=0
max_feature_idx=8
objective=regression
feature_names=Column_0 Column_1 Column_2 Column_3 Column_4 Column_5 Column_6 Column_7 Column_8
feature_infos=[0:23] [0:6] [1:12] [0:2] none [0:1] [0:1] [0:1] [-10.010000228881836:95.709999084472656]
tree_sizes=710 717 713 720 715 717 714 719 731 715 725 741 716 719 722 710 728 725 732 727

Tree=0
num_leaves=8
num_cat=0
split_feature=8 0 2 7 2 0 2
split_gain=13904.7 7822.33 3193.38 2330.55 1673.35 1490.35 1254.39
threshold=38.344999313354499 1.0000000180025095e-35 9.5000000000000018 0.99500000476837169 3.5000000000000004 1.0000000180025095e-35 6.5000000000000009
decision_type=2 2 2 2 2 2 2
left_child=5 6 4 -4 -3 -1 -2
right_child=1 2 3 -5 -6 -7 -8
leaf_value=3.4335603194247541 3.5395501868270682 2.9562317093461972 2.9828614306688439 3.7488318626658321 2.815995186590269 3.1224856117012281 3.1586210388174565
leaf_count=235 252 1443 1875 59 8120 3942 246
internal_value=0 -0.550869 -0.718939 0.452991 -0.955948 1.56764 3.32925
internal_count=16172 11995 11497 1934 9563 4177 498
shrinkage=1


Tree=1
num_leaves=8
num_cat=0
split_feature=8 0 0 8 2 1 2
split_gain=10891.8 4782.59 2329.34 2203.74 1602.11 1138.82 992.106
threshold=48.835000991821296 1.0000000180025095e-35 1.0000000180025095e-35 36.944999694824226 11.500000000000002 3.5000000000000004 9.5000000000000018
decision_type=2 2 2 2 2 2 2
left_child=2 -2 -1 -4 -3 -6 -5
right_child=1 4 3 6 5 -7 -8
leaf_value=0.40577690401384908 0.34278697694437654 -0.10650045792286431 0.16192554655806468 -0.02501321858336996 0.073167737432652036 1.2514178262438092 0.12202843348305187
leaf_count=372 361 8858 3501 2059 27 21 973
internal_value=0 -0.711647 0.94748 0.808884 -0.856282 4.90543 0.184783
internal_count=16172 9267 6905 6533 8906 48 3032
shrinkage=0.12


Tree=2
num_leaves=8
num_cat=0
split_feature=8 8 2 2 2 8 1
split_gain=8444.08 2065.99 1500.06 751.076 2730.4 742.226 797.088
threshold=51.260000228881843 36.944999694824226 11.500000000000002 10.500000000000002 2.5000000000000004 14.820000171661379 1.0000000180025095e-35
decision_type=2 2 2 2 2 2 2
left_child=1 3 -2 4 5 6 -1
right_child=2 -3 -4 -5 -6 -7 -8
leaf_value=0.014248026193574417 -0.084138240213056908 0.030549430830401205 0.70305222123435562 0.24716367294758929 -0.041916602124006316 0.18657695062771412 0.61774083001128688
leaf_count=43 8639 3786 35 972 936 1643 118
internal_value=0 0.774341 -0.674682 1.30447 1.03655 1.7556 3.80466
internal_count=16172 7498 8674 3712 2740 1804 161
shrinkage=0.12


Tree=3
num_leaves=8
num_cat=0
split_feature=8 0 0 8 2 0 2
split_gain=6563.3 3696.7 1802.05 1321.23 978.775 966.646 931.267
threshold=48.835000991821296 1.0000000180025095e-35 1.0000000180025095e-35 37.174999237060554 11.500000000000002 8.5000000000000018 6.5000000000000009
decision_type=2 2 2 2 2 2 2
left_child=2 6 -1 5 -3 -4 -2
right_child=1 4 3 -5 -6 -7 -8
leaf_value=0.34516252744101711 0.53745131770309229 -0.084478334372698735 0.025434207717960802 0.014597345256542871 0.45886646568775175 0.16306546505697184 0.14672387358120509
leaf_count=372 151 8858 1037 2974 48 2522 210
internal_value=0 -0.552423 0.735505 0.613601 -0.679583 1.02469 2.58465
internal_count=16172 9267 6905 6533 8906 3559 361
shrinkage=0.12


Tree=4
num_leaves=8
num_cat=0
split_feature=8 8 7 2 2 2 7
split_gain=5135.32 1282.45 2228.38 965.211 928.847 1285.55 1050.8
threshold=51.260000228881843 31.664999961853031 0.46500000357627874 11.500000000000002 9.5000000000000018 2.5000000000000004 0.99500000476837169
decision_type=2 2 2 2 2 2 2
left_child=1 2 -1 -2 5 -3 -6
right_child=3 4 -4 -5 6 -7 -8
leaf_value=0.13577826259701403 -0.065683670891891921 0.098129623275119482 1.349355613751845 0.56576237542288643 0.10010085494432133 -0.049160422292000877 0.70155618750771809
leaf_count=2261 8639 1368 22 35 1536 2268 43
internal_value=0 0.603881 1.22894 -0.526131 0.330245 0.0521303 0.970666
internal_count=16172 7498 2283 8674 5215 3636 1579
shrinkage=0.12


Tree=5
num_leaves=8
num_cat=0
split_feature=8 0 2 8 1 2 1
split_gain=4047.97 2278.55 1220.95 1069.97 1560.72 1436.7 1174.53
threshold=45.48500061035157 1.0000000180025095e-35 9.5000000000000018 18.765000343322757 4.5000000000000009 11.500000000000002 2.5000000000000004
decision_type=2 2 2 2 2 2 2
left_child=3 -2 -3 4 6 -5 -1
right_child=1 2 -4 5 -6 -7 -8
leaf_value=0.17889511227607727 0.22640141444338535 -0.076487903262281151 0.047117008606369574 0.036391696020817078 -0.090229143277922669 0.20523163802016561 0.63927061316606248
leaf_count=168 419 8339 1335 4769 134 856 152
internal_value=0 -0.396371 -0.495255 0.636567 2.1133 0.517378 3.31311
internal_count=16172 10093 9674 6079 454 5625 320
shrinkage=0.12


Tree=6
num_leaves=8
num_cat=0
split_feature=8 0 2 2 8 7 7
split_gain=3290.87 1846.57 1451.83 2689.12 986.298 641.974 624.74
threshold=56.545000076293952 1.0000000180025095e-35 9.5000000000000018 2.5000000000000004 10.22000026702881 0.15500000119209292 0.99500000476837169
decision_type=2 2 2 2 2 2 2
left_child=1 5 3 4 -3 -1 -4
right_child=-2 2 6 -5 -6 -7 -8
leaf_value=0.23075207707424139 -0.0602415251774105 0.52086103956420704 0.10551716420007123 -0.064709344948592026 0.084727624820413072 0.65878543909253739 0.51836338374349811
leaf_count=388 7339 77 2340 3451 2465 58 54
internal_value=0 0.404063 0.298627 0.0356638 0.816155 2.3868 0.956912
internal_count=16172 8833 8387 5993 2542 446 2394
shrinkage=0.12


Tree=7
num_leaves=8
num_cat=0
split_feature=8 0 2 2 1 8 7
split_gain=2548.45 1429.98 1124.3 2082.46 823.331 763.79 714.363
threshold=56.545000076293952 1.0000000180025095e-35 9.5000000000000018 2.5000000000000004 4.5000000000000009 10.22000026702881 0.99500000476837169
decision_type=2 2 2 2 2 2 2
left_child=1 -1 3 5 6 -3 -4
right_child=-2 2 4 -5 -6 -7 -8
leaf_value=0.25204573623712839 -0.053012534959356206 0.45835772476413034 0.12664102119290849 -0.056944223063056347 -0.031406583415036861 0.074560311782553512 0.60546854859946853
leaf_count=446 7339 77 1821 3451 527 2465 46
internal_value=0 0.355576 0.262791 0.0313841 0.842083 0.718216 1.15365
internal_count=16172 8833 8387 5993 2394 2542 1867
shrinkage=0.12


Tree=8
num_leaves=8
num_cat=0
split_feature=2 2 0 2 1 1 7
split_gain=1858.71 2029.33 1185.41 966.648 677.951 515.618 475.081
threshold=11.500000000000002 2.5000000000000004 1.0000000180025095e-35 9.5000000000000018 4.5000000000000009 1.0000000180025095e-35 0.99500000476837169
decision_type=2 2 2 2 2 2 2
left_child=1 -1 5 -4 6 -3 -5
right_child=-2 2 3 4 -6 -7 -8
leaf_value=0.081738979453963287 0.15404212636114534 -0.14026937933452427 -0.055666078009802854 0.061675496144496397 -0.094436704996228207 0.18959898105854617 0.47076387865202762
leaf_count=2757 1046 80 9802 1531 450 464 42
internal_value=0 -0.0946667 -0.267595 -0.333994 0.295357 1.17574 0.604987
internal_count=16172 15126 12369 11825 2023 544 1573
shrinkage=0.12


Tree=9
num_leaves=8
num_cat=0
split_feature=8 0 2 2 8 2 7
split_gain=1593.9 980.627 676.264 1218.07 591.479 497.717 497.372
threshold=56.545000076293952 1.0000000180025095e-35 9.5000000000000018 2.5000000000000004 10.22000026702881 1.5000000000000002 0.15500000119209292
decision_type=2 2 2 2 2 2 2
left_child=1 6 3 4 5 -3 -1
right_child=-2 2 -4 -5 -6 -7 -8
leaf_value=0.15814837269177756 -0.041912381324558198 0.61138166495982338 0.078450103046928066 -0.043430986839738714 0.055804399420051977 -0.033746683964362513 0.53490368495470497
leaf_count=388 7339 51 2394 3451 2465 26 58
internal_value=0 0.281309 0.204473 0.0250022 0.550291 3.27955 1.7262
internal_count=16172 8833 8387 5993 2542 77 446
shrinkage=0.12


Tree=10
num_leaves=8
num_cat=0
split_feature=0 2 2 7 0 1 0
split_gain=1643.8 1032.6 1312.72 597.637 521.563 472.401 401.603
threshold=1.0000000180025095e-35 9.5000000000000018 3.5000000000000004 0.19500000029802325 12.500000000000002 4.5000000000000009 22.500000000000004
decision_type=2 2 2 2 2 2 2
left_child=3 2 4 -1 5 -2 -4
right_child=1 -3 6 -5 -6 -7 -8
leaf_value=0.13493335649249205 0.016421134650638367 0.052477646942753052 -0.058869181090480872 0.47863387488737336 0.067444614286672686 -0.12895655316100499 0.062638196111159422
leaf_count=653 1298 3024 7950 82 2325 428 412
internal_value=0 -0.086686 -0.214341 1.44398 0.25288 -0.163571 -0.440687
internal_count=16172 15437 12413 735 4051 1726 8362
shrinkage=0.12


Tree=11
num_leaves=8
num_cat=0
split_feature=0 8 2 0 3 5 1
split_gain=1272.96 1031.65 819.35 588.481 714.782 536.898 661.628
threshold=1.0000000180025095e-35 30.525000572204593 11.500000000000002 11.500000000000002 1.0000000180025095e-35 1.0000000180025095e-35 4.5000000000000009
decision_type=2 2 2 2 2 2 2
left_child=-1 5 3 -3 -5 6 -2
right_child=1 2 -4 4 -6 -7 -8
leaf_value=0.15248479283464197 0.099390185856070776 -0.061501987999849746 0.11413608955354798 0.0060151691924054751 -0.095946892776159323 0.32998959941638478 -0.071442442257000499
leaf_count=735 1346 4624 619 7157 1149 111 431
internal_value=0 -0.0762837 -0.172785 -0.22659 -0.0674135 0.616244 0.482965
internal_count=16172 15437 13549 12930 8306 1888 1777
shrinkage=0.12


Tree=12
num_leaves=8
num_cat=0
split_feature=8 2 1 8 1 8 1
split_gain=837.043 617.337 1058.54 1272.64 506.319 692.913 1308.83
threshold=43.625000000000007 11.500000000000002 3.5000000000000004 48.594999313354499 4.5000000000000009 18.765000343322757 2.5000000000000004
decision_type=2 2 2 2 2 2 2
left_child=4 -2 -3 -4 5 6 -1
right_child=1 2 3 -5 -6 -7 -8
leaf_value=-0.0055189475641552223 -0.024517998676998623 -0.078604616884325365 -0.026049988283352418 1.1842941412432439 -0.027279667912899454 0.042589112616784712 0.48269402941232481
leaf_count=166 10441 61 22 29 1381 3921 151
internal_value=0 -0.179266 2.15599 5.51821 0.298525 0.469881 1.89197
internal_count=16172 10553 112 51 5619 4238 317
shrinkage=0.12


Tree=13
num_leaves=8
num_cat=0
split_feature=8 7 2 8 7 1 8
split_gain=673.706 3211.59 556.455 730.925 893.112 480.404 611.527
threshold=30.525000572204593 0.28499999642372137 11.500000000000002 55.354999542236335 0.024999999441206459 4.5000000000000009 23.625000000000004
decision_type=2 2 2 2 2 2 2
left_child=1 5 -2 4 -4 -1 -7
right_child=2 -3 3 -5 -6 6 -8
leaf_value=0.081694835463426582 -0.015828468375598776 1.5765801978316158 0.14658267265677449 0.81256662869453433 -0.21554731148310372 -0.18838650764488593 0.081135060201130149
leaf_count=1511 13514 20 500 20 122 246 239
internal_value=0 0.529186 -0.0886903 0.820949 0.629616 0.402844 -0.463089
internal_count=16172 2016 14156 642 622 1996 485
shrinkage=0.12


Tree=14
num_leaves=8
num_cat=0
split_feature=0 0 3 1 8 2 1
split_gain=970.465 625.167 743.799 469.869 490.023 949.49 1344.3
threshold=1.0000000180025095e-35 11.500000000000002 1.0000000180025095e-35 4.5000000000000009 16.684999465942386 11.500000000000002 1.0000000180025095e-35
decision_type=2 2 2 2 2 2 2
left_child=-1 -2 3 4 5 6 -3
right_child=1 2 -4 -5 -6 -7 -8
leaf_value=0.1334865665669952 -0.039068889217282236 -0.1913430113196373 -0.079741261003602182 -0.025363910038668683 0.035625753662454324 -0.2857054238319397 1.0297544184488219
leaf_count=735 5732 20 1149 2156 6318 25 37
internal_value=0 -0.0637188 0.0909391 0.19239 0.328405 2.75726 5.01083
internal_count=16172 15437 9705 8556 6400 82 57
shrinkage=0.12


Tree=15
num_leaves=8
num_cat=0
split_feature=2 8 8 7 2 1 8
split_gain=700.191 1058.34 688.388 1161.78 1132.03 526.975 800.71
threshold=11.500000000000002 21.064999580383304 24.255000114440922 0.074999999254941954 10.500000000000002 4.5000000000000009 10.22000026702881
decision_type=2 2 2 2 2 2 2
left_child=2 -2 3 4 5 6 -1
right_child=1 -3 -4 -5 -6 -7 -8
leaf_value=0.54572132681097307 -0.22786092465875421 0.14158967586306784 -0.010257271384715506 1.0091289249658586 0.84514347076416008 -0.11294867954019344 0.065360608807411694
leaf_count=56 127 924 14356 20 27 198 464
internal_value=0 0.807886 -0.0362234 0.888075 0.686161 0.44712 0.975765
internal_count=16172 1051 15121 765 745 718 520
shrinkage=0.12


Tree=16
num_leaves=8
num_cat=0
split_feature=0 0 2 2 1 1 8
split_gain=1244.95 695.889 719.103 549.591 547.247 395.031 385.709
threshold=1.0000000180025095e-35 11.500000000000002 9.5000000000000018 2.5000000000000004 1.0000000180025095e-35 4.5000000000000009 18.765000343322757
decision_type=2 2 2 2 2 2 2
left_child=4 -2 3 -3 -1 -4 -6
right_child=1 2 5 -5 6 -7 -8
leaf_value=-0.11167847772234493 -0.038366750906728898 0.059872056698238293 0.11153762392553895 -0.018282371375226297 0.67663798749446868 -0.016761423150261679 0.17619248298964191
leaf_count=97 5755 1642 1437 6143 23 455 620
internal_value=0 -0.0443592 0.119402 -0.0149847 1.28344 0.672362 1.61744
internal_count=16172 15432 9677 7785 740 1892 643
shrinkage=0.12


Tree=17
num_leaves=8
num_cat=0
split_feature=0 0 8 1 1 2 8
split_gain=964.092 538.897 589.946 494.25 423.788 341.45 308.792
threshold=1.0000000180025095e-35 11.500000000000002 39.23500061035157 4.5000000000000009 1.0000000180025095e-35 9.5000000000000018 25.675000190734867
decision_type=2 2 2 2 2 2 2
left_child=4 -2 -3 5 -1 -4 -6
right_child=1 2 3 -5 6 -7 -8
leaf_value=-0.098277059100645089 -0.033762740946050362 0.064970398525059425 0.0010221818474332718 -0.054764561288280611 0.42312251425215175 0.081073866022209964 0.143394921965319
leaf_count=97 5755 2347 4385 2015 63 930 580
internal_value=0 -0.0390361 0.105074 -0.0346403 1.12942 0.125245 1.42335
internal_count=16172 15432 9677 7330 740 5315 643
shrinkage=0.12


Tree=18
num_leaves=8
num_cat=0
split_feature=0 2 2 0 0 1 8
split_gain=746.593 424.888 443.621 436.845 335.041 328.181 292.017
threshold=1.0000000180025095e-35 9.5000000000000018 2.5000000000000004 10.500000000000002 22.500000000000004 1.0000000180025095e-35 12.615000247955324
decision_type=2 2 2 2 2 2 2
left_child=5 2 -2 -3 -4 -1 -5
right_child=1 3 4 6 -6 -7 -8
leaf_value=-0.086483813044951133 0.029882502333673927 -0.030483854638630258 -0.030804334578245954 -0.30445682394504547 0.071503466437004282 0.1503058791177041 0.072676079505944943
leaf_count=97 2619 967 9291 30 485 643 2040
internal_value=0 -0.0343518 -0.116486 0.300866 -0.214406 0.993894 0.560087
internal_count=16172 15432 12395 3037 9776 740 2070
shrinkage=0.12


Tree=19
num_leaves=8
num_cat=0
split_feature=0 0 8 1 8 1 3
split_gain=578.161 366.568 405.491 380.287 310.182 228.452 443.41
threshold=1.0000000180025095e-35 11.500000000000002 39.23500061035157 4.5000000000000009 70.305000305175795 2.5000000000000004 1.0000000180025095e-35
decision_type=2 2 2 2 2 2 2
left_child=4 -2 -3 -4 5 -1 -7
right_child=1 2 3 -5 -6 6 -8
leaf_value=0.048020805096172771 -0.027610074357898317 0.054045776039787337 0.013564854761934291 -0.047656086033094611 -0.12301880655350622 0.23809565685623901 -0.15880637534286665
leaf_count=276 5755 2347 5315 2015 77 341 46
internal_value=0 -0.0302296 0.0886256 -0.0272053 0.874626 1.09526 1.59099
internal_count=16172 15432 9677 7330 740 663 387
shrinkage=0.12


end of trees

feature importances:
Column_2=38
Column_8=35
Column_0=28
Column_1=23
Column_7=12
Column_3=3
Column_5=1

parameters:
[boosting: gbdt]
[objective: regression]
[metric: rmse]
[tree_learner: serial]
[device_type: cpu]
[data: ]
[valid: ]
[num_iterations: 100]
[learning_rate: 0.12]
[num_leaves: 8]
[num_threads: 0]
[max_depth: -1]
[min_data_in_leaf: 20]
[min_sum_hessian_in_leaf: 0.001]
[bagging_fraction: 0.8]
[bagging_freq: 5]
[bagging_seed: 3]
[feature_fraction: 0.9]
[feature_fraction_seed: 2]
[early_stopping_round: 0]
[max_delta_step: 0]
[lambda_l1: 0]
[lambda_l2: 0]
[min_gain_to_split: 0]
[drop_rate: 0.1]
[max_drop: 50]
[skip_drop: 0.5]
[xgboost_dart_mode: 0]
[uniform_drop: 0]
[drop_seed: 4]
[top_rate: 0.2]
[other_rate: 0.1]
[min_data_per_group: 100]
[max_cat_threshold: 32]
[cat_l2: 10]
[cat_smooth: 10]
[max_cat_to_onehot: 4]
[top_k: 20]
[monotone_constraints: ]
[feature_contri: ]
[forcedsplits_filename: ]
[refit_decay_rate: 0.9]
[verbosity: 0]
[max_bin: 255]
[min_data_in_bin: 3]
[bin_construct_sample_cnt: 200000]
[histogram_pool_size: -1]
[data_random_seed: 1]
[output_model: LightGBM_model.txt]
[snapshot_freq: -1]
[input_model: ]
[output_result: LightGBM_predict_result.txt]
[initscore_filename: ]
[valid_data_initscores: ]
[pre_partition: 0]
[enable_bundle: 1]
[max_conflict_rate: 0]
[is_enable_sparse: 1]
[sparse_threshold: 0.8]
[use_missing: 1]
[zero_as_missing: 0]
[two_round: 0]
[save_binary: 0]
[enable_load_from_binary_file: 1]
[header: 0]
[label_column: ]
[weight_column: ]
[group_column: ]
[ignore_column: ]
[categorical_feature: ]
[predict_raw_score: 0]
[predict_leaf_index: 0]
[predict_contrib: 0]
[num_iteration_predict: -1]
[pred_early_stop: 0]
[pred_early_stop_freq: 10]
[pred_early_stop_margin: 10]
[convert_model_language: ]
[convert_model: gbdt_prediction.cpp]
[num_class: 1]
[is_unbalance: 0]
[scale_pos_weight: 1]
[sigmoid: 1]
[boost_from_average: 1]
[reg_sqrt: 0]
[alpha: 0.9]
[fair_c: 1]
[poisson_max_delta_step: 0.7]
[tweedie_variance_power: 1.5]
[max_position: 20]
[label_gain: ]
[metric_freq: 1]
[is_provide_training_metric: 0]
[eval_at: ]
[num_machines: 1]
[local_listen_port: 12400]
[time_out: 120]
[machine_list_filename: ]
[machines: ]
[gpu_platform_id: -1]
[gpu_device_id: -1]
[gpu_use_dp: 0]

end of parameters

pandas_categorical:null
