tree
version=v2
num_class=1
num_tree_per_iteration=1
label_index=0
max_feature_idx=8
objective=regression
feature_names=Column_0 Column_1 Column_2 Column_3 Column_4 Column_5 Column_6 Column_7 Column_8
feature_infos=[0:23] [0:6] [1:12] [0:2] none [0:1] [0:1] [0:1] [-3.8900001049041748:95.730003356933594]
tree_sizes=702 718 726 702 717 716 712 712 717 716 713 712 726 728 713 720 717 719 720 725

Tree=0
num_leaves=8
num_cat=0
split_feature=0 0 0 8 7 2 8
split_gain=1044.88 229.255 205.209 273.729 97.3719 78.4089 201.023
threshold=5.5000000000000009 1.0000000180025095e-35 3.5000000000000004 52.245000839233406 0.94499999284744274 10.500000000000002 35.114999771118171
decision_type=2 2 2 2 2 2 2
left_child=1 -1 3 5 -4 -3 -7
right_child=-2 2 4 -5 -6 6 -8
leaf_value=0.27278267708600507 0.23965571564909899 0.42503126610972963 0.29803238163385182 0.31361594348275063 0.50850511335388959 0.39004594233571532 0.71535003904945171
leaf_count=845 15222 358 775 365 33 59 51
internal_value=0 0.601375 0.819288 1.16757 0.460233 1.67381 2.41224
internal_count=17708 2486 1641 833 808 468 110
shrinkage=1


Tree=1
num_leaves=8
num_cat=0
split_feature=0 1 8 0 0 1 0
split_gain=809.153 403.983 218.602 195.322 239.741 113.125 105.627
threshold=5.5000000000000009 5.5000000000000009 56.614999771118171 1.0000000180025095e-35 3.5000000000000004 4.5000000000000009 1.0000000180025095e-35
decision_type=2 2 2 2 2 2 2
left_child=1 6 3 -3 -5 -2 -1
right_child=5 2 -4 4 -6 -7 -8
leaf_value=0.0073212505472117452 -0.016815766344740416 0.10166607666015624 0.051537965163588523 0.48197856779281906 0.16724383507456098 0.0061783766217165057 0.06352976281328461
leaf_count=725 10932 75 112 78 63 4290 1433
internal_value=0 0.52921 1.56321 2.15107 2.8446 -0.0861279 0.37205
internal_count=17708 2486 328 216 141 15222 2158
shrinkage=0.12


Tree=2
num_leaves=8
num_cat=0
split_feature=1 8 7 2 1 8 2
split_gain=177.6 92.3573 57.5446 44.7484 44.0842 37.0992 36.2611
threshold=4.5000000000000009 54.840000152587898 0.99500000476837169 4.5000000000000009 5.5000000000000009 54.055000305175788 3.5000000000000004
decision_type=2 2 2 2 2 2 2
left_child=6 4 3 -3 -2 -6 -1
right_child=1 2 -4 -5 5 -7 -8
leaf_value=0.003021512544528948 0.019249857406972385 0.051815396835727071 0.1644875552577357 -0.0053972264740726732 0.047356490058417973 0.18461893848304092 -0.011396576607728312
leaf_count=3444 1312 217 31 2121 1274 29 9280
internal_value=0 0.160242 0.0172208 -0.000725607 0.289809 0.420095 -0.0624503
internal_count=17708 4984 2369 2338 2615 1303 12724
shrinkage=0.12


Tree=3
num_leaves=8
num_cat=0
split_feature=0 1 8 0 0 2 2
split_gain=624.445 291.971 157.595 151.511 185.214 95.5565 157.679
threshold=5.5000000000000009 5.5000000000000009 56.614999771118171 1.0000000180025095e-35 3.5000000000000004 8.5000000000000018 2.5000000000000004
decision_type=2 2 2 2 2 2 2
left_child=1 -1 3 -3 5 6 -5
right_child=-2 2 -4 4 -6 -7 -8
leaf_value=0.039751919990507284 -0.009082626087321603 0.083363461017608637 0.045755879293595036 0.54047604683786632 0.14143131329899741 0.59555678494806796 0.11393515238395104
leaf_count=2158 15222 75 112 24 63 28 26
internal_value=0 0.464874 1.34391 1.84305 2.45387 3.4839 2.65562
internal_count=17708 2486 328 216 141 78 50
shrinkage=0.12


Tree=4
num_leaves=8
num_cat=0
split_feature=1 8 8 7 2 8 8
split_gain=126.642 62.9989 32.2699 24.2746 171.873 147.507 21.6646
threshold=4.5000000000000009 65.545001983642592 14.875000000000002 0.44499999284744268 10.500000000000002 44.495000839233406 32.924999237060554
decision_type=2 2 2 2 2 2 2
left_child=2 3 -1 -2 6 -6 -5
right_child=1 -3 -4 4 5 -7 -8
leaf_value=0.043017719210462366 0.021440882979926707 -0.0048266023586536278 -0.0070702198164890578 0.13618523955345152 0.017270105266571047 0.39891424032620021 0.01005169563599535
leaf_count=188 3157 1450 12536 21 25 35 296
internal_value=0 0.135298 -0.0527513 0.207314 0.447147 1.99913 0.153396
internal_count=17708 4984 12724 3534 377 60 317
shrinkage=0.12


Tree=5
num_leaves=8
num_cat=0
split_feature=0 0 2 0 1 1 2
split_gain=504.899 147.812 165.749 260.806 306.176 311.344 103.894
threshold=5.5000000000000009 1.0000000180025095e-35 9.5000000000000018 3.5000000000000004 1.0000000180025095e-35 5.5000000000000009 3.5000000000000004
decision_type=2 2 2 2 2 2 2
left_child=1 -1 6 4 -4 -6 -3
right_child=-2 2 3 -5 5 -7 -8
leaf_value=0.0096444302725156913 -0.0076268547453296927 0.10002203958375112 0.66716238623080049 0.049923770028119645 0.11108511772420672 0.62652715945243831 0.028369240791334124
leaf_count=826 15252 441 23 179 108 20 859
internal_value=0 0.424993 0.59963 1.23255 2.20047 1.59686 0.438967
internal_count=17708 2456 1630 330 151 128 1300
shrinkage=0.12


Tree=6
num_leaves=8
num_cat=0
split_feature=0 0 2 7 0 2 8
split_gain=390.994 114.466 128.356 323.162 147.979 82.6116 112.19
threshold=5.5000000000000009 1.0000000180025095e-35 9.5000000000000018 0.61500000953674328 3.5000000000000004 11.500000000000002 44.995000839233406
decision_type=2 2 2 2 2 2 2
left_child=1 -1 -3 4 5 6 -4
right_child=-2 2 3 -5 -6 -7 -8
leaf_value=0.0084870977162160247 -0.0067116325121756902 0.04635494549334622 -0.013402048245720241 0.54493329634666432 0.019672297691724384 0.30183039499412878 0.26522778426346022
leaf_count=826 15252 1300 46 25 166 55 38
internal_value=0 0.373994 0.527675 1.08464 0.801323 1.56252 0.938707
internal_count=17708 2456 1630 330 305 139 84
shrinkage=0.12


Tree=7
num_leaves=8
num_cat=0
split_feature=0 1 1 2 8 8 8
split_gain=302.786 127.279 133.458 141.663 109.565 196.364 84.8011
threshold=5.5000000000000009 5.5000000000000009 1.0000000180025095e-35 11.500000000000002 52.245000839233406 47.055000305175788 32.405000686645515
decision_type=2 2 2 2 2 2 2
left_child=1 2 3 6 5 -3 -1
right_child=-2 4 -4 -5 -6 -7 -8
leaf_value=0.21210702194107903 -0.0059062365610753334 0.11442866363343158 0.015384062570393891 0.36595878935777221 0.029271710700762104 0.44492058715512672 0.047375888374116687
leaf_count=54 15252 157 1776 26 142 31 270
internal_value=0 0.329115 0.239426 0.803814 0.90693 1.40771 0.623592
internal_count=17708 2456 2126 350 330 188 324
shrinkage=0.12


Tree=8
num_leaves=8
num_cat=0
split_feature=0 1 1 2 7 1 7
split_gain=234.477 98.5648 103.35 109.703 56.6717 158.098 62.5499
threshold=5.5000000000000009 5.5000000000000009 1.0000000180025095e-35 11.500000000000002 0.69499999284744274 4.5000000000000009 0.84499999880790722
decision_type=2 2 2 2 2 2 2
left_child=1 2 3 -1 -4 6 -6
right_child=-2 -3 4 -5 5 -7 -8
leaf_value=0.065851348097677578 -0.0051974882892414304 0.095771790179339317 0.0076397093814622261 0.32204372983712415 0.19102793728932738 0.32644487511727116 -0.040168357888857524
leaf_count=324 15252 330 1651 26 22 31 72
internal_value=0 0.289621 0.210695 0.707357 0.112816 0.762019 0.116178
internal_count=17708 2456 2126 350 1776 125 94
shrinkage=0.12


Tree=9
num_leaves=8
num_cat=0
split_feature=0 0 2 7 0 2 8
split_gain=181.579 90.2416 89.024 235.613 111.295 77.1354 63.7386
threshold=5.5000000000000009 1.0000000180025095e-35 9.5000000000000018 0.61500000953674328 3.5000000000000004 3.5000000000000004 30.435000419616703
decision_type=2 2 2 2 2 2 2
left_child=1 -1 5 4 6 -3 -4
right_child=-2 2 3 -5 -6 -7 -8
leaf_value=-0.0017287937685459419 -0.0045737891825374704 0.073624570716400523 0.31459880896977011 0.45678374106287956 0.0072583802780473092 0.011884974411258319 0.1119942273964753
leaf_count=826 15252 441 28 25 166 859 111
internal_value=0 0.254867 0.39132 0.855167 0.613252 0.273575 1.27339
internal_count=17708 2456 1630 330 305 1300 139
shrinkage=0.12


Tree=10
num_leaves=8
num_cat=0
split_feature=0 0 1 1 2 2 2
split_gain=220.285 187.244 220.806 227.069 249.864 169.16 98.9463
threshold=3.5000000000000004 1.0000000180025095e-35 1.0000000180025095e-35 5.5000000000000009 7.5000000000000009 7.5000000000000009 3.5000000000000004
decision_type=2 2 2 2 2 2 2
left_child=1 -1 5 -4 6 -3 -5
right_child=-2 2 3 4 -6 -7 -8
leaf_value=0.00071335592934089454 -0.0045371982172323685 0.12708670589658946 0.024504246448231716 0.23406349025028089 0.44123573362827301 0.42157264459964838 -0.032441326785594859
leaf_count=820 16053 81 587 35 42 43 47
internal_value=0 0.345367 0.678693 0.46394 1.69351 1.91006 0.677589
internal_count=17708 1655 835 711 124 124 82
shrinkage=0.12


Tree=11
num_leaves=8
num_cat=0
split_feature=0 0 1 1 2 8 8
split_gain=170.589 145.002 170.992 175.842 193.494 134.348 118.348
threshold=3.5000000000000004 1.0000000180025095e-35 1.0000000180025095e-35 5.5000000000000009 7.5000000000000009 30.134999275207523 35.114999771118171
decision_type=2 2 2 2 2 2 2
left_child=1 -1 5 -4 6 -3 -5
right_child=-2 2 3 4 -6 -7 -8
leaf_value=0.00062775233231212311 -0.00399273379008094 0.48653297272324558 0.021563734072792062 0.2831275028448838 0.38828744249950559 0.14692682167658438 -0.026677373573184011
leaf_count=820 16053 20 587 26 42 104 56
internal_value=0 0.303923 0.59725 0.408267 1.49029 1.68085 0.596279
internal_count=17708 1655 835 711 124 124 82
shrinkage=0.12


Tree=12
num_leaves=8
num_cat=0
split_feature=1 7 2 6 2 2 8
split_gain=66.203 32.7896 136.997 30.0913 27.6805 39.16 37.0654
threshold=4.5000000000000009 0.48499999940395361 11.500000000000002 1.0000000180025095e-35 4.5000000000000009 2.5000000000000004 23.855000495910648
decision_type=2 2 2 2 2 2 2
left_child=3 4 -3 -1 5 6 -2
right_child=1 2 -4 -5 -6 -7 -8
leaf_value=-0.0055484613999617271 0.051750923807804404 0.026771552498276167 0.32262661002576354 0.03844140706877959 0.0018181778717387834 0.039491696904282274 -0.01176808120875523
leaf_count=12521 169 370 24 228 2956 831 609
internal_value=0 0.0964909 0.373277 -0.0396813 0.0726018 0.178148 0.0169146
internal_count=17708 4959 394 12749 4565 1609 778
shrinkage=0.12


Tree=13
num_leaves=8
num_cat=0
split_feature=1 7 7 2 6 2 2
split_gain=51.2676 25.9095 105.242 36.7972 23.3027 22.737 33.2645
threshold=4.5000000000000009 0.79500001668930065 0.84499999880790722 10.500000000000002 1.0000000180025095e-35 4.5000000000000009 2.5000000000000004
decision_type=2 2 2 2 2 2 2
left_child=4 5 -3 -4 -1 6 -2
right_child=1 2 3 -5 -6 -7 -8
leaf_value=-0.0048826459968465859 0.0018880750084364856 0.30481326988765167 0.0036118980983690339 0.13408997970255646 0.033828437838115184 0.0019631423778292915 0.035699661357268209
leaf_count=12521 810 21 196 37 228 3027 868
internal_value=0 0.084912 0.396009 0.202763 -0.0349196 0.0681174 0.161485
internal_count=17708 4959 254 233 12749 4705 1678
shrinkage=0.12


Tree=14
num_leaves=8
num_cat=0
split_feature=0 0 1 2 1 2 8
split_gain=132.54 112.072 134.99 135.465 130.421 150.911 90.1803
threshold=3.5000000000000004 1.0000000180025095e-35 1.0000000180025095e-35 7.5000000000000009 5.5000000000000009 7.5000000000000009 35.114999771118171
decision_type=2 2 2 2 2 2 2
left_child=1 -1 3 -3 -4 6 -6
right_child=-2 2 4 -5 5 -7 -8
leaf_value=0.00067813130372726329 -0.0034772079626637473 0.087284373530635118 0.019363345877478434 0.35081348502358728 0.24475192033327542 0.33978251312460217 -0.02568338893353939
leaf_count=820 16053 81 587 43 26 42 56
internal_value=0 0.268245 0.526122 1.48891 0.358209 1.29006 0.500537
internal_count=17708 1655 835 124 711 124 82
shrinkage=0.12


Tree=15
num_leaves=8
num_cat=0
split_feature=2 8 2 1 7 2 8
split_gain=29.5371 112.647 111.84 31.1868 47.7518 63.1295 26.161
threshold=3.5000000000000004 61.635000228881843 2.5000000000000004 4.5000000000000009 0.81499999761581432 10.500000000000002 50.645000457763679
decision_type=2 2 2 2 2 2 2
left_child=1 -1 -3 -2 -5 6 -6
right_child=3 2 -4 4 5 -7 -8
leaf_value=0.0060122693894324912 -0.0067077526861965917 -0.015874520631936877 0.31474598555003896 0.0031203821936895268 0.095915074097482775 0.20527350387057741 -0.0059488517761230467
leaf_count=4723 9190 26 34 3541 57 37 100
internal_value=0 0.0673994 1.42898 -0.0245826 0.0524691 0.535541 0.258613
internal_count=17708 4783 60 12925 3735 194 157
shrinkage=0.12


Tree=16
num_leaves=8
num_cat=0
split_feature=0 0 8 8 2 8 8
split_gain=48.3097 24.2451 41.3753 62.3865 55.2621 45.3913 141.461
threshold=5.5000000000000009 1.0000000180025095e-35 24.925000190734867 23.345000267028812 2.5000000000000004 28.845000267028812 30.435000419616703
decision_type=2 2 2 2 2 2 2
left_child=1 -1 3 4 -3 -4 -7
right_child=-2 2 5 -5 -6 6 -8
leaf_value=-0.0011638916685797029 -0.0024892583441633465 0.11082140017573426 -0.067404746658661793 0.24797853393687139 -0.044655854734507477 0.25127025472490411 0.016501967336090516
leaf_count=823 15249 82 85 27 55 38 1349
internal_value=0 0.1303 0.200727 0.67717 0.403363 0.147645 0.191116
internal_count=17708 2459 1636 164 137 1472 1387
shrinkage=0.12


Tree=17
num_leaves=8
num_cat=0
split_feature=0 2 8 2 5 2 1
split_gain=37.4111 22.9863 98.1081 99.222 20.2984 63.3639 107.017
threshold=5.5000000000000009 3.5000000000000004 61.635000228881843 2.5000000000000004 1.0000000180025095e-35 9.5000000000000018 1.5000000000000002
decision_type=2 2 2 2 2 2 2
left_child=4 2 -2 -4 -1 -6 -7
right_child=1 -3 3 -5 5 6 -8
leaf_value=0.0096263902856860047 0.0032679347930908674 -0.0050163440725518506 -0.01367086777320275 0.30192952573299409 0.015019026656703252 -0.07942986720800399 0.25656180963959807
leaf_count=2150 4043 11148 26 32 246 20 43
internal_value=0 -0.0182546 0.0457583 1.33711 0.114664 0.354321 1.24915
internal_count=17708 15249 4101 58 2459 309 63
shrinkage=0.12


Tree=18
num_leaves=8
num_cat=0
split_feature=0 7 1 7 8 2 0
split_gain=28.9711 24.9493 161.946 63.3591 24.2114 37.5023 38.1416
threshold=5.5000000000000009 0.72500002384185802 4.5000000000000009 0.82499998807907116 24.925000190734867 2.5000000000000004 1.0000000180025095e-35
decision_type=2 2 2 2 2 2 2
left_child=1 4 3 -3 5 6 -1
right_child=-2 2 -4 -5 -6 -7 -8
leaf_value=-0.00054999280434388383 -0.0019276812455385846 0.17833212178945543 0.2769825361064962 -0.05853394732393067 0.0048911855364592322 -0.014423284495764589 0.12682567555694985
leaf_count=52 15249 20 37 87 2072 94 97
internal_value=0 0.100904 0.504777 -0.118833 0.075782 0.374407 0.686437
internal_count=17708 2459 144 107 2315 243 149
shrinkage=0.12


Tree=19
num_leaves=8
num_cat=0
split_feature=0 1 2 8 2 2 8
split_gain=22.4352 18.9251 47.2575 132.956 26.1347 55.022 44.7595
threshold=5.5000000000000009 4.5000000000000009 11.500000000000002 44.495000839233406 4.5000000000000009 2.5000000000000004 35.57500076293946
decision_type=2 2 2 2 2 2 2
left_child=-1 -2 4 -4 5 -3 -7
right_child=1 2 3 -5 -6 6 -8
leaf_value=0.010655473444380561 -0.0043666672890612839 -0.01026938134876404 0.019826397625169991 0.25104473659541549 -0.0061408498167800207 -0.013204224603932077 0.051675925786830175
leaf_count=2459 10900 724 283 41 2491 205 605
internal_value=0 -0.0141363 0.0416358 0.409046 0.0120604 0.114744 0.293797
internal_count=17708 15249 4349 324 4025 1534 810
shrinkage=0.12


end of trees

feature importances:
Column_2=37
Column_0=33
Column_8=29
Column_1=25
Column_7=13
Column_6=2
Column_5=1

parameters:
[boosting: gbdt]
[objective: regression]
[metric: rmse]
[tree_learner: serial]
[device_type: cpu]
[data: ]
[valid: ]
[num_iterations: 100]
[learning_rate: 0.12]
[num_leaves: 8]
[num_threads: 0]
[max_depth: -1]
[min_data_in_leaf: 20]
[min_sum_hessian_in_leaf: 0.001]
[bagging_fraction: 0.8]
[bagging_freq: 5]
[bagging_seed: 3]
[feature_fraction: 0.9]
[feature_fraction_seed: 2]
[early_stopping_round: 0]
[max_delta_step: 0]
[lambda_l1: 0]
[lambda_l2: 0]
[min_gain_to_split: 0]
[drop_rate: 0.1]
[max_drop: 50]
[skip_drop: 0.5]
[xgboost_dart_mode: 0]
[uniform_drop: 0]
[drop_seed: 4]
[top_rate: 0.2]
[other_rate: 0.1]
[min_data_per_group: 100]
[max_cat_threshold: 32]
[cat_l2: 10]
[cat_smooth: 10]
[max_cat_to_onehot: 4]
[top_k: 20]
[monotone_constraints: ]
[feature_contri: ]
[forcedsplits_filename: ]
[refit_decay_rate: 0.9]
[verbosity: 0]
[max_bin: 255]
[min_data_in_bin: 3]
[bin_construct_sample_cnt: 200000]
[histogram_pool_size: -1]
[data_random_seed: 1]
[output_model: LightGBM_model.txt]
[snapshot_freq: -1]
[input_model: ]
[output_result: LightGBM_predict_result.txt]
[initscore_filename: ]
[valid_data_initscores: ]
[pre_partition: 0]
[enable_bundle: 1]
[max_conflict_rate: 0]
[is_enable_sparse: 1]
[sparse_threshold: 0.8]
[use_missing: 1]
[zero_as_missing: 0]
[two_round: 0]
[save_binary: 0]
[enable_load_from_binary_file: 1]
[header: 0]
[label_column: ]
[weight_column: ]
[group_column: ]
[ignore_column: ]
[categorical_feature: ]
[predict_raw_score: 0]
[predict_leaf_index: 0]
[predict_contrib: 0]
[num_iteration_predict: -1]
[pred_early_stop: 0]
[pred_early_stop_freq: 10]
[pred_early_stop_margin: 10]
[convert_model_language: ]
[convert_model: gbdt_prediction.cpp]
[num_class: 1]
[is_unbalance: 0]
[scale_pos_weight: 1]
[sigmoid: 1]
[boost_from_average: 1]
[reg_sqrt: 0]
[alpha: 0.9]
[fair_c: 1]
[poisson_max_delta_step: 0.7]
[tweedie_variance_power: 1.5]
[max_position: 20]
[label_gain: ]
[metric_freq: 1]
[is_provide_training_metric: 0]
[eval_at: ]
[num_machines: 1]
[local_listen_port: 12400]
[time_out: 120]
[machine_list_filename: ]
[machines: ]
[gpu_platform_id: -1]
[gpu_device_id: -1]
[gpu_use_dp: 0]

end of parameters

pandas_categorical:null
