tree
version=v2
num_class=1
num_tree_per_iteration=1
label_index=0
max_feature_idx=8
objective=regression
feature_names=Column_0 Column_1 Column_2 Column_3 Column_4 Column_5 Column_6 Column_7 Column_8
feature_infos=[0:23] [0:6] [1:12] [0:2] none [0:1] [0:1] [0:1] [-9.5500001907348633:95.730003356933594]
tree_sizes=708 715 718 720 724 719 720 718 729 722 723 714 713 718

Tree=0
num_leaves=8
num_cat=0
split_feature=0 2 7 0 2 8 2
split_gain=117.959 36.2238 92.9601 250.977 29.1999 42.4975 43.7726
threshold=5.5000000000000009 11.500000000000002 0.46500000357627874 11.500000000000002 4.5000000000000009 61.625000000000007 3.5000000000000004
decision_type=2 2 2 2 2 2 2
left_child=-1 4 -3 -4 5 -2 -7
right_child=1 2 3 -5 -6 6 -8
leaf_value=0.17521190675779114 0.14379515563191803 0.15195963161291126 0.59312379509528002 0.14196994088006945 0.13496081878990865 0.2959495308465564 0.16970164798811102
leaf_count=1587 5235 970 26 56 8770 49 205
internal_value=0 -0.0286809 0.150393 1.17279 -0.0418926 0.0153079 0.414771
internal_count=16898 15311 1052 82 14259 5489 254
shrinkage=1


Tree=1
num_leaves=8
num_cat=0
split_feature=1 2 7 0 0 7 2
split_gain=94.5014 117.794 288.077 197.612 101.252 59.5943 36.2555
threshold=4.5000000000000009 11.500000000000002 0.12499999627470972 12.500000000000002 5.5000000000000009 0.86500000953674328 4.5000000000000009
decision_type=2 2 2 2 2 2 2
left_child=-1 4 -3 -4 5 -2 -6
right_child=1 2 3 -5 6 -7 -8
leaf_value=-0.0058119753293209789 0.056141709714030409 0.038403358974240041 0.61965485028245226 0.12653204991817474 0.01754613721928178 0.2554963103584621 -0.0058111491067853955
leaf_count=12133 353 308 22 25 1561 23 2473
internal_value=0 0.117763 0.671924 2.97796 0.0731538 0.569469 0.0268934
internal_count=16898 4765 355 47 4410 376 4034
shrinkage=0.12


Tree=2
num_leaves=8
num_cat=0
split_feature=1 2 7 2 8 5 7
split_gain=73.1818 91.2198 225.138 43.8847 58.2832 52.839 35.5195
threshold=4.5000000000000009 11.500000000000002 0.46500000357627874 4.5000000000000009 58.18499946594239 1.0000000180025095e-35 0.12499999627470972
decision_type=2 2 2 2 2 2 2
left_child=-1 3 6 4 -2 -6 -3
right_child=1 2 -4 -5 5 -7 -8
leaf_value=-0.0051145379725856871 0.016063123957176038 0.03379495609890331 0.41089539789236507 -0.0018927264765127383 0.064979329600053676 0.26741316798058423 0.1950925247158323
leaf_count=12133 1589 308 26 2680 119 22 21
internal_value=0 0.103632 0.591293 0.0643753 0.188535 0.804706 0.367421
internal_count=16898 4765 355 4410 1730 141 329
shrinkage=0.12


Tree=3
num_leaves=8
num_cat=0
split_feature=0 1 7 1 2 8 1
split_gain=80.3115 48.4616 41.9114 34.6789 69.6203 199.155 29.0681
threshold=5.5000000000000009 4.5000000000000009 0.86500000953674328 4.5000000000000009 11.500000000000002 49.495000839233406 5.5000000000000009
decision_type=2 2 2 2 2 2 2
left_child=1 -1 6 -2 -5 -6 -3
right_child=3 2 -4 4 5 -7 -8
leaf_value=0.013234905057034251 -0.0064115148655390676 0.025972505154229011 0.21860044069912124 0.0019463132652068529 0.03499476426308698 0.41713129384177067 0.093985296922850681
leaf_count=1180 10953 238 23 4034 303 21 146
internal_value=0 0.212919 0.510465 -0.0234095 0.0520395 0.498024 0.431929
internal_count=16898 1587 407 15311 4358 324 384
shrinkage=0.12


Tree=4
num_leaves=8
num_cat=0
split_feature=1 2 7 2 8 8 7
split_gain=43.8868 55.6729 167.509 33.2475 46.7548 25.6811 27.0792
threshold=4.5000000000000009 11.500000000000002 0.46500000357627874 4.5000000000000009 53.795000076293952 34.534999847412116 0.034999999217689044
decision_type=2 2 2 2 2 2 2
left_child=-1 3 5 4 -2 6 -3
right_child=1 2 -4 -5 -6 -7 -8
leaf_value=-0.0039606985776724866 0.011232437035850138 0.044756360832940448 0.34857004275688758 -0.0024212728609789664 0.069552093242344099 -0.0085252741068825681 0.19210828506946562
leaf_count=12133 1502 176 26 2680 228 133 20
internal_value=0 0.0802522 0.461226 0.0495843 0.157654 0.268121 0.498269
internal_count=16898 4765 355 4410 1730 329 196
shrinkage=0.12


Tree=5
num_leaves=8
num_cat=0
split_feature=0 8 1 8 1 2 8
split_gain=53.231 23.7484 20.1366 17.9072 18.0013 48.1647 168.396
threshold=5.5000000000000009 10.550000190734865 5.5000000000000009 6.1700000762939462 4.5000000000000009 11.500000000000002 46.764999389648445
decision_type=2 2 2 2 2 2 2
left_child=1 -1 -3 -2 -5 -6 -7
right_child=3 2 -4 4 5 6 -8
leaf_value=0.1327720699045393 0.060379065383564336 0.014956492519649976 0.062992375829945435 -0.0048674453289869156 0.00073550509837286 0.018432745019240037 0.29761607459932565
leaf_count=27 66 1406 138 10904 4042 280 35
internal_value=0 0.176674 0.160415 -0.0166041 -0.018852 0.0354805 0.412109
internal_count=16898 1571 1544 15327 15261 4357 315
shrinkage=0.12


Tree=6
num_leaves=8
num_cat=0
split_feature=0 8 8 2 2 2 8
split_gain=41.2221 18.3908 13.8674 16.091 10.2962 10.041 94.7294
threshold=5.5000000000000009 10.550000190734865 6.1700000762939462 1.5000000000000002 6.5000000000000009 3.5000000000000004 61.625000000000007
decision_type=2 2 2 2 2 2 2
left_child=1 -1 3 -2 -3 6 -4
right_child=2 4 5 -5 -6 -7 -8
leaf_value=0.11683942317962646 0.1160919701860797 0.025621952713569464 0.00079996710856032919 -0.0026295708928789413 0.0058794909908775018 -0.0038663275509480894 0.14908239744958424
leaf_count=27 31 865 4069 35 679 11129 63
internal_value=0 0.155473 -0.0146116 0.44278 0.141166 -0.0165897 0.0255067
internal_count=16898 1571 15327 66 1544 15261 4132
shrinkage=0.12


Tree=7
num_leaves=8
num_cat=0
split_feature=0 8 1 1 8 2 8
split_gain=31.9224 14.2418 15.5842 13.6788 26.1002 13.5518 63.76
threshold=5.5000000000000009 10.550000190734865 5.5000000000000009 2.5000000000000004 6.1700000762939462 11.500000000000002 46.764999389648445
decision_type=2 2 2 2 2 2 2
left_child=1 -1 -3 4 -2 -5 -7
right_child=3 2 -4 5 -6 6 -8
leaf_value=0.10281869292259216 0.12188447807146154 0.011130088244274704 0.053388696533182393 0.00021620615322899181 -0.006174340192148021 0.0041555605000331598 0.11927675439209877
leaf_count=27 23 1406 138 8186 6476 563 79
internal_value=0 0.136817 0.124226 -0.0128582 -0.0476762 0.012774 0.15268
internal_count=16898 1571 1544 15327 6499 8828 642
shrinkage=0.12


Tree=8
num_leaves=8
num_cat=0
split_feature=0 1 2 7 0 2 1
split_gain=24.7207 11.9138 31.1973 127.659 15.2737 13.7891 11.8248
threshold=5.5000000000000009 4.5000000000000009 11.500000000000002 0.46500000357627874 21.500000000000004 3.5000000000000004 4.5000000000000009
decision_type=2 2 2 2 2 2 2
left_child=6 5 -3 4 -4 -2 -1
right_child=1 2 3 -5 -6 -7 -8
leaf_value=0.0086590554311871525 0.0034345487646101004 0.0010734074054518541 0.0075651626664220827 0.28469363731997349 0.099276700924182767 -0.0061004815321749626 0.033171602370282709
leaf_count=1200 3014 4059 266 28 29 7931 371
internal_value=0 -0.0113152 0.0327471 0.331857 0.138174 -0.0289563 0.120399
internal_count=16898 15327 4382 323 295 10945 1571
shrinkage=0.12


Tree=9
num_leaves=8
num_cat=0
split_feature=0 8 2 8 2 8 8
split_gain=19.1437 10.9461 8.54786 72.4499 88.1872 16.4785 10.4514
threshold=5.5000000000000009 10.550000190734865 3.5000000000000004 61.625000000000007 2.5000000000000004 6.1700000762939462 42.98500061035157
decision_type=2 2 2 2 2 2 2
left_child=1 -1 3 5 -5 -2 -7
right_child=2 -3 -4 4 -6 6 -8
leaf_value=0.08846085826555887 0.07289916324874629 0.011389497397708769 -0.0029296831404380125 -0.049838099777698514 0.24252088803511401 -0.0023695535744939532 0.012833289227995297
leaf_count=27 46 1544 11149 24 39 3255 814
internal_value=0 0.105951 -0.00995741 0.0286201 1.09288 0.0123264 0.00559802
internal_count=16898 1571 15327 4178 63 4115 4069
shrinkage=0.12


Tree=10
num_leaves=8
num_cat=0
split_feature=0 1 0 2 2 7 1
split_gain=15.3929 19.0728 40.3617 20.4803 15.0981 10.9312 10.8976
threshold=5.5000000000000009 4.5000000000000009 1.5000000000000002 2.5000000000000004 6.5000000000000009 0.31499999761581426 2.5000000000000004
decision_type=2 2 2 2 2 2 2
left_child=1 -1 4 -4 5 -3 -2
right_child=6 2 3 -5 -6 -7 -8
leaf_value=0.0034611304614537838 -0.0048949899867515049 0.019214377986157643 0.16742373862687279 0.060012149208957706 -0.025491425723342571 0.1142295548915863 0.0015791343455091576
leaf_count=1177 6524 136 34 103 118 20 8786
internal_value=0 0.0936039 0.279064 0.722242 0.0574744 0.261632 -0.00983052
internal_count=16898 1588 411 137 274 156 15310
shrinkage=0.12


Tree=11
num_leaves=8
num_cat=0
split_feature=0 1 0 2 2 8 2
split_gain=11.9203 14.77 31.2561 15.8599 11.692 12.2294 28.2198
threshold=5.5000000000000009 4.5000000000000009 1.5000000000000002 2.5000000000000004 6.5000000000000009 46.534999847412116 4.5000000000000009
decision_type=2 2 2 2 2 2 2
left_child=1 -1 4 -4 5 -3 -7
right_child=-2 2 3 -5 -6 6 -8
leaf_value=0.0030457944260275554 -0.0010381032152552763 -0.00039490536503169842 0.14733288582633525 0.052810691953862753 -0.022432453945531682 0.18610135370492933 0.014189118228175424
leaf_count=1177 15310 92 34 103 118 20 44
internal_value=0 0.0823715 0.245576 0.635573 0.0505775 0.230236 0.565931
internal_count=16898 1588 411 137 274 156 64
shrinkage=0.12


Tree=12
num_leaves=8
num_cat=0
split_feature=2 8 2 8 1 8 8
split_gain=10.7195 48.0934 71.5404 9.3734 23.1329 49.0993 11.031
threshold=3.5000000000000004 61.625000000000007 2.5000000000000004 51.295000076293952 3.5000000000000004 52.655000686645515 58.18499946594239
decision_type=2 2 2 2 2 2 2
left_child=1 3 -3 -1 -5 -6 -7
right_child=-2 2 -4 4 5 6 -8
leaf_value=0.0020926894737518767 -0.001869206849163547 -0.043398445987701414 0.22238537549972534 -0.0051149076331745494 0.23069057720048086 0.0069641384253135092 0.097219197887640732
leaf_count=4288 12260 25 35 165 21 78 26
internal_value=0 0.0408643 0.930351 0.0292065 0.203202 0.527694 0.246066
internal_count=16898 4638 60 4578 290 125 104
shrinkage=0.12


Tree=13
num_leaves=8
num_cat=0
split_feature=1 2 8 8 2 1 8
split_gain=9.87893 11.1374 28.5911 41.0519 36.5677 20.6746 5.5714
threshold=2.5000000000000004 4.5000000000000009 61.625000000000007 65.625000000000014 3.5000000000000004 4.5000000000000009 25.515000343322757
decision_type=2 2 2 2 2 2 2
left_child=-1 2 -2 4 -4 -6 -3
right_child=1 6 3 -5 5 -7 -8
leaf_value=-0.0033666408918426676 0.005396508480003618 0.021165295947681774 0.24981867719780315 0.0015010877816300644 -0.011483676250164325 0.13159748554229736 -0.0011874912521462376
leaf_count=7224 3353 165 22 95 26 33 5980
internal_value=0 0.020819 0.0655928 0.458464 0.981497 0.571206 -0.00489412
internal_count=16898 9674 3529 176 81 59 6145
shrinkage=0.12


end of trees

feature importances:
Column_2=28
Column_8=26
Column_1=18
Column_0=15
Column_7=10
Column_5=1

parameters:
[boosting: gbdt]
[objective: regression]
[metric: rmse]
[tree_learner: serial]
[device_type: cpu]
[data: ]
[valid: ]
[num_iterations: 100]
[learning_rate: 0.12]
[num_leaves: 8]
[num_threads: 0]
[max_depth: -1]
[min_data_in_leaf: 20]
[min_sum_hessian_in_leaf: 0.001]
[bagging_fraction: 0.8]
[bagging_freq: 5]
[bagging_seed: 3]
[feature_fraction: 0.9]
[feature_fraction_seed: 2]
[early_stopping_round: 0]
[max_delta_step: 0]
[lambda_l1: 0]
[lambda_l2: 0]
[min_gain_to_split: 0]
[drop_rate: 0.1]
[max_drop: 50]
[skip_drop: 0.5]
[xgboost_dart_mode: 0]
[uniform_drop: 0]
[drop_seed: 4]
[top_rate: 0.2]
[other_rate: 0.1]
[min_data_per_group: 100]
[max_cat_threshold: 32]
[cat_l2: 10]
[cat_smooth: 10]
[max_cat_to_onehot: 4]
[top_k: 20]
[monotone_constraints: ]
[feature_contri: ]
[forcedsplits_filename: ]
[refit_decay_rate: 0.9]
[verbosity: 0]
[max_bin: 255]
[min_data_in_bin: 3]
[bin_construct_sample_cnt: 200000]
[histogram_pool_size: -1]
[data_random_seed: 1]
[output_model: LightGBM_model.txt]
[snapshot_freq: -1]
[input_model: ]
[output_result: LightGBM_predict_result.txt]
[initscore_filename: ]
[valid_data_initscores: ]
[pre_partition: 0]
[enable_bundle: 1]
[max_conflict_rate: 0]
[is_enable_sparse: 1]
[sparse_threshold: 0.8]
[use_missing: 1]
[zero_as_missing: 0]
[two_round: 0]
[save_binary: 0]
[enable_load_from_binary_file: 1]
[header: 0]
[label_column: ]
[weight_column: ]
[group_column: ]
[ignore_column: ]
[categorical_feature: ]
[predict_raw_score: 0]
[predict_leaf_index: 0]
[predict_contrib: 0]
[num_iteration_predict: -1]
[pred_early_stop: 0]
[pred_early_stop_freq: 10]
[pred_early_stop_margin: 10]
[convert_model_language: ]
[convert_model: gbdt_prediction.cpp]
[num_class: 1]
[is_unbalance: 0]
[scale_pos_weight: 1]
[sigmoid: 1]
[boost_from_average: 1]
[reg_sqrt: 0]
[alpha: 0.9]
[fair_c: 1]
[poisson_max_delta_step: 0.7]
[tweedie_variance_power: 1.5]
[max_position: 20]
[label_gain: ]
[metric_freq: 1]
[is_provide_training_metric: 0]
[eval_at: ]
[num_machines: 1]
[local_listen_port: 12400]
[time_out: 120]
[machine_list_filename: ]
[machines: ]
[gpu_platform_id: -1]
[gpu_device_id: -1]
[gpu_use_dp: 0]

end of parameters

pandas_categorical:null
