tree
version=v2
num_class=1
num_tree_per_iteration=1
label_index=0
max_feature_idx=8
objective=regression
feature_names=Column_0 Column_1 Column_2 Column_3 Column_4 Column_5 Column_6 Column_7 Column_8
feature_infos=[0:23] [0:6] [1:12] [0:2] none [0:1] [0:1] [0:1] [-9.6099996566772461:96.110000610351562]
tree_sizes=686 693 731 696 725 704 695 703 713 694 718 704 728 731 702 712 702 712 704

Tree=0
num_leaves=8
num_cat=0
split_feature=0 0 8 8 8 8 2
split_gain=58970.4 86366.3 2150.51 1371.61 985.704 1927.62 981.218
threshold=4.0000000000000009 1.0000000180025095e-35 74.174999237060561 23.654999732971195 46.774999618530281 64.465000152587905 9.5000000000000018
decision_type=2 2 2 2 2 2 2
left_child=1 -1 3 -3 -5 6 -6
right_child=-2 2 -4 4 5 -7 -8
leaf_value=2.514420661746422 2.4395627263288464 5.2470711645291992 5.7161620823440611 4.2143438640369997 4.9677826159470433 4.1642595171526953 4.1767681053149062
leaf_count=781 14721 33 22 165 138 97 27
internal_value=0 6.58398 17.1102 16.6483 16.1682 17.374 19.4537
internal_count=15984 1263 482 460 427 262 165
shrinkage=1


Tree=1
num_leaves=8
num_cat=0
split_feature=0 0 1 8 8 8 8
split_gain=45666.7 66882.1 3080.22 2846.32 959.676 1069.85 792.117
threshold=4.0000000000000009 1.0000000180025095e-35 5.5000000000000009 51.23500061035157 74.174999237060561 67.735000610351577 22.974999427795414
decision_type=2 2 2 2 2 2 2
left_child=1 -1 4 -4 5 6 -3
right_child=-2 2 3 -5 -6 -7 -8
leaf_value=0.0092554320538089756 -0.056619550779489186 2.5674943751948218 0.14996012498592506 1.7794917830553922 2.7140604925155638 1.3566153834547314 1.9020633358799892
leaf_count=781 14721 28 29 33 21 49 322
internal_value=0 5.7939 15.057 8.47743 16.0282 15.6815 16.2941
internal_count=15984 1263 482 62 420 399 350
shrinkage=0.12


Tree=2
num_leaves=8
num_cat=0
split_feature=3 8 8 2 8 2 1
split_gain=960.349 703.523 489.501 608.523 290.001 610.663 326.722
threshold=1.0000000180025095e-35 75.08499908447267 22.974999427795414 5.5000000000000009 66.325000762939467 8.5000000000000018 2.5000000000000004
decision_type=2 2 2 2 2 2 2
left_child=1 2 -1 -4 5 -5 -7
right_child=-2 -3 3 4 -6 6 -8
leaf_value=0.11401321442479295 -0.10036915843303387 -0.054220815125429242 -0.011222202337724807 0.15031905988863653 0.0036928957452376679 0.079207152129477973 0.0015815403422935121
leaf_count=772 1209 2058 6071 866 1854 1421 1733
internal_value=0 0.0905916 0.178374 0.128497 0.357958 0.508853 0.304624
internal_count=15984 14775 12717 11945 5874 4020 3154
shrinkage=0.12


Tree=3
num_leaves=8
num_cat=0
split_feature=0 0 1 8 2 1 8
split_gain=35177.6 52310.6 2340.76 2234.89 761.005 922.444 623.348
threshold=1.5000000000000002 1.0000000180025095e-35 5.5000000000000009 51.23500061035157 6.5000000000000009 3.5000000000000004 64.704998016357436
decision_type=2 2 2 2 2 2 2
left_child=1 -1 4 -4 -3 -6 -7
right_child=-2 2 3 -5 5 6 -8
leaf_value=0.0065001798546115803 -0.049869727937728023 1.8469880187267373 0.090923540327284072 1.5630542928657747 1.7249714349783385 1.4375396141409873 0.67726770818233484
leaf_count=781 14726 232 27 33 117 44 24
internal_value=0 5.09368 13.3449 7.50496 14.1852 12.6724 9.7434
internal_count=15984 1258 477 60 417 185 68
shrinkage=0.12


Tree=4
num_leaves=8
num_cat=0
split_feature=3 8 8 2 2 2 8
split_gain=682.408 478.296 371.633 458.647 447.528 301.997 354.973
threshold=1.0000000180025095e-35 67.305000305175795 10.675000190734865 2.5000000000000004 5.5000000000000009 8.5000000000000018 67.064998626708999
decision_type=2 2 2 2 2 2 2
left_child=1 2 3 -1 -4 -6 -7
right_child=-2 -3 4 -5 5 6 -8
leaf_value=0.38155617218125948 -0.084775766196381067 -0.026691343841844208 -0.00076417695853710547 -0.082741984103588337 0.10774517311387727 0.028807210174366549 0.49196773275732991
leaf_count=88 1209 3959 6341 47 983 3333 24
internal_value=0 0.0749614 0.183815 1.8326 0.162976 0.410398 0.267654
internal_count=15984 14775 10816 135 10681 4340 3357
shrinkage=0.12


Tree=5
num_leaves=8
num_cat=0
split_feature=0 0 1 8 8 8 0
split_gain=26609.1 39917.5 2814.3 1244.14 937.008 830.491 634.779
threshold=4.0000000000000009 1.0000000180025095e-35 4.5000000000000009 48.085000991821296 38.43499946594239 22.974999427795414 16.500000000000004
decision_type=2 2 2 2 2 2 2
left_child=1 -1 5 4 -4 -3 -2
right_child=6 2 3 -5 -6 -7 -8
leaf_value=0.0070246326868253772 -0.061721502133431451 2.3501806100777216 0.89467879797137062 1.3046479400106379 -0.099521645754575727 1.5695761709868907 -0.010503783539432245
leaf_count=757 9136 21 43 74 20 300 5633
internal_value=0 4.51693 11.8859 8.09153 4.8255 13.5054 -0.351556
internal_count=15984 1215 458 137 63 321 14769
shrinkage=0.12


Tree=6
num_leaves=8
num_cat=0
split_feature=0 0 8 2 8 8 2
split_gain=20627.9 31370.2 943.823 1222.48 1014.55 838.364 814.594
threshold=1.5000000000000002 1.0000000180025095e-35 73.264999389648452 6.5000000000000009 46.264999389648445 52.604999542236335 11.500000000000002
decision_type=2 2 2 2 2 2 2
left_child=1 -1 3 4 -3 -6 -5
right_child=-2 2 -4 6 5 -7 -8
leaf_value=0.006181675546865324 -0.03704040994256886 1.167677301565806 1.8874520041725853 0.87155943296245619 2.1328660790125529 1.4327800826842969 1.6541493129730225
leaf_count=757 14775 135 33 148 36 78 22
internal_value=0 3.98762 10.5797 10.1742 11.5856 13.7822 8.10696
internal_count=15984 1209 452 419 249 114 170
shrinkage=0.12


Tree=7
num_leaves=8
num_cat=0
split_feature=0 0 1 8 2 8 8
split_gain=15974.3 24293.1 2282.39 795.294 768.125 1156.86 603.687
threshold=1.5000000000000002 1.0000000180025095e-35 5.5000000000000009 51.23500061035157 6.5000000000000009 64.18500137329103 47.555000305175788
decision_type=2 2 2 2 2 2 2
left_child=1 -1 4 -4 5 -3 -2
right_child=6 2 3 -5 -6 -7 -8
leaf_value=0.0054398741015039944 -0.0029422526084428779 1.2716216601374057 -0.18296783013777299 0.7738291421172947 1.0217482695537943 2.2061601311819894 -0.052437013837206274
leaf_count=757 5923 208 22 29 172 21 8852
internal_value=0 3.50911 9.31016 3.00911 10.1115 11.311 -0.27163
internal_count=15984 1209 452 51 401 229 14775
shrinkage=0.12


Tree=8
num_leaves=8
num_cat=0
split_feature=0 0 1 2 2 0 0
split_gain=12371.7 18559.5 1824.01 610.403 726.056 525.012 801.152
threshold=4.0000000000000009 1.0000000180025095e-35 4.5000000000000009 3.5000000000000004 9.5000000000000018 13.500000000000002 9.5000000000000018
decision_type=2 2 2 2 2 2 2
left_child=1 -1 -3 -4 -5 6 -2
right_child=5 2 3 4 -6 -7 -8
leaf_value=0.0047870879499254011 -0.012241947558880709 1.1290039844797035 0.19714650345476051 0.95686021347568451 0.21838535648125867 -0.0082538919719756416 -0.095463537914508512
leaf_count=757 3342 321 38 73 26 8106 3321
internal_value=0 3.07993 8.10463 5.0499 6.35764 -0.239721 -0.44768
internal_count=15984 1215 458 137 99 14769 6663
shrinkage=0.12


Tree=9
num_leaves=8
num_cat=0
split_feature=0 0 8 2 7 8 8
split_gain=9591.42 14586.4 701.204 766.4 776.614 710.54 619.34
threshold=1.5000000000000002 1.0000000180025095e-35 73.264999389648452 6.5000000000000009 0.38499999046325689 64.704998016357436 58.805000305175788
decision_type=2 2 2 2 2 2 2
left_child=1 -1 3 4 -3 6 -5
right_child=-2 2 -4 5 -6 -7 -8
leaf_value=0.0042126381751568182 -0.025258254276669872 0.88706040181086521 1.3982849940386686 0.66129245000806725 1.5922232863426209 0.2908432751995022 1.360654452572698
leaf_count=757 14775 224 33 88 25 59 23
internal_value=0 2.71911 7.21422 6.86467 7.98217 5.22787 6.71838
internal_count=15984 1209 452 419 249 170 111
shrinkage=0.12


Tree=10
num_leaves=8
num_cat=0
split_feature=0 0 1 2 2 2 1
split_gain=7438.4 11759.2 803.821 451.936 602.212 436.464 418.99
threshold=1.5000000000000002 1.0000000180025095e-35 5.5000000000000009 9.5000000000000018 1.5000000000000002 6.5000000000000009 1.0000000180025095e-35
decision_type=2 2 2 2 2 2 2
left_child=1 6 -3 4 -2 -4 -1
right_child=3 2 5 -5 -6 -7 -8
leaf_value=0.22038584798285102 0.041153331413609891 0.8210313374266065 0.036670798947734215 0.01829887083480974 -0.044185570715544853 0.69028519111020215 -0.039684235695246102
leaf_count=103 1343 404 31 2906 10503 28 666
internal_value=0 2.35681 6.3384 -0.200897 -0.287588 2.89051 -0.04042
internal_count=15984 1232 463 14752 11846 59 769
shrinkage=0.12


Tree=11
num_leaves=8
num_cat=0
split_feature=0 0 8 1 8 8 8
split_gain=5760.94 8987.88 1011.78 882.684 444.266 1213.17 498.405
threshold=4.0000000000000009 1.0000000180025095e-35 71.014999389648452 4.5000000000000009 34.094999313354499 48.085000991821296 63.949998855590827
decision_type=2 2 2 2 2 2 2
left_child=1 -1 3 -3 -5 -6 -7
right_child=-2 2 -4 4 5 6 -8
leaf_value=-0.0042683572505245902 -0.021270754648035961 0.72047888820387518 1.1668561277144096 0.75365689659118651 -0.24912243740802459 0.82501268362998958 0.091338858604431153
leaf_count=769 14746 284 51 30 44 40 20
internal_value=0 2.06865 5.51886 5.00581 2.89027 1.91233 4.83712
internal_count=15984 1238 469 418 134 104 60
shrinkage=0.12


Tree=12
num_leaves=8
num_cat=0
split_feature=8 3 2 1 2 7 1
split_gain=414.932 364.917 207.807 291.333 167.916 318.382 288.255
threshold=14.825000286102297 1.0000000180025095e-35 9.5000000000000018 3.5000000000000004 1.5000000000000002 0.6850000023841859 5.5000000000000009
decision_type=2 2 2 2 2 2 2
left_child=-1 2 4 -4 5 -2 -7
right_child=1 -3 3 -5 -6 6 -8
leaf_value=0.14687268274076748 0.020097802086985653 -0.065723044153890381 0.059720108069789904 -0.016080809116064756 -0.010306555429028403 0.135967883536073 0.66093481975793844
leaf_count=271 1251 1227 1872 1197 10085 61 20
internal_value=0 -0.0240679 0.0202844 0.251296 -0.0418138 0.291886 2.21324
internal_count=15984 15713 14486 3069 11417 1332 81
shrinkage=0.12


Tree=13
num_leaves=8
num_cat=0
split_feature=8 3 2 1 2 2 7
split_gain=321.323 282.592 160.926 240.672 157.556 130.034 246.555
threshold=14.825000286102297 1.0000000180025095e-35 9.5000000000000018 4.5000000000000009 2.5000000000000004 1.5000000000000002 0.6850000023841859
decision_type=2 2 2 2 2 2 2
left_child=4 2 5 -4 -1 6 -2
right_child=1 -3 3 -5 -6 -7 -8
leaf_value=0.19756439594359232 0.017686064726443029 -0.057836278019003873 0.045445188689435152 -0.033185771953587122 0.006700948329315972 -0.0090697699163439661 0.23371863034036422
leaf_count=174 1251 1227 2331 738 97 10085 81
internal_value=0 -0.0211797 0.0178503 0.221141 1.07707 -0.0367961 0.25686
internal_count=15984 15713 14486 3069 271 11417 1332
shrinkage=0.12


Tree=14
num_leaves=8
num_cat=0
split_feature=0 0 8 1 2 8 8
split_gain=4459.8 7039.7 777.144 685.355 446.251 1426.97 354.597
threshold=1.5000000000000002 1.0000000180025095e-35 71.014999389648452 4.5000000000000009 3.5000000000000004 32.784999847412116 29.855000495910648
decision_type=2 2 2 2 2 2 2
left_child=1 -1 3 6 5 -5 -3
right_child=-2 2 -4 4 -6 -7 -8
leaf_value=-0.0035081259146216475 -0.018588202765698589 0.99660318139621173 1.0306293473524206 0.6893378963470459 0.45431830171744031 -0.74413405787944786 0.58848061883497815
leaf_count=769 14752 35 51 20 90 20 247
internal_value=0 1.82557 4.90624 4.45042 2.55082 -0.228317 5.32612
internal_count=15984 1232 463 412 130 40 282
shrinkage=0.12


Tree=15
num_leaves=8
num_cat=0
split_feature=8 1 2 8 2 1 7
split_gain=336.263 284.126 258.381 271.491 171.145 198.548 146.044
threshold=22.974999427795414 5.5000000000000009 2.5000000000000004 12.745000362396242 9.5000000000000018 4.5000000000000009 0.99500000476837169
decision_type=2 2 2 2 2 2 2
left_child=1 -1 3 -3 -2 6 -6
right_child=4 2 -4 -5 5 -7 -8
leaf_value=0.04581853136137698 -0.013501038048928653 0.70925854504108421 -0.01870972660370171 0.21196930064711458 0.030592380626503782 -0.035135239311112655 0.19876827989305768
leaf_count=679 12217 25 32 43 2166 745 77
internal_value=0 0.613588 2.18729 3.28997 -0.0600404 0.154486 0.303047
internal_count=15984 779 100 68 15205 2988 2243
shrinkage=0.12


Tree=16
num_leaves=8
num_cat=0
split_feature=0 0 1 8 2 1 8
split_gain=2988.42 4994.34 854.209 906.434 732.723 737.827 1128.95
threshold=1.5000000000000002 1.0000000180025095e-35 5.5000000000000009 52.335000991821296 6.5000000000000009 3.5000000000000004 69.344997406005874
decision_type=2 2 2 2 2 2 2
left_child=1 -1 4 -4 -3 6 -6
right_child=-2 2 3 -5 5 -7 -8
leaf_value=-0.01074649119297378 -0.017835169421833802 0.69305019236405696 -0.46978427850283105 0.52291756007406442 0.31432520614041909 0.073927012675837289 1.153228978243741
leaf_count=766 14757 225 26 27 77 73 33
internal_value=0 1.47558 4.07623 0.299431 4.56684 3.08089 4.71664
internal_count=15984 1227 461 53 408 183 110
shrinkage=0.12


Tree=17
num_leaves=8
num_cat=0
split_feature=0 0 2 8 8 2 0
split_gain=2315.52 3827.56 639.187 544.255 580.719 519.131 393.402
threshold=4.0000000000000009 1.0000000180025095e-35 9.5000000000000018 40.905000686645515 49.704999923706062 1.5000000000000002 14.500000000000002
decision_type=2 2 2 2 2 2 2
left_child=1 -1 5 -4 -5 -3 -2
right_child=6 2 3 4 -6 -7 -8
leaf_value=-0.0094569122343866382 -0.035220580582898196 0.084097021825611587 0.45892712079561676 -0.54121612100601202 0.31476390651294162 0.54105367998180154 0.0039725440272924814
leaf_count=766 7415 40 39 25 21 341 7337
internal_value=0 1.29598 3.55581 1.07625 -1.25369 4.10899 -0.131064
internal_count=15984 1232 466 85 46 381 14752
shrinkage=0.12


Tree=18
num_leaves=8
num_cat=0
split_feature=0 0 1 8 2 8 8
split_gain=1795.64 3000.68 642.871 643.325 518.823 645.028 860.783
threshold=1.5000000000000002 1.0000000180025095e-35 5.5000000000000009 52.335000991821296 6.5000000000000009 64.18500137329103 58.274999618530281
decision_type=2 2 2 2 2 2 2
left_child=1 -1 4 -4 5 6 -3
right_child=-2 2 3 -5 -6 -7 -8
leaf_value=-0.0083220842478714165 -0.013822840519040605 0.57350369414283053 -0.4400605377784142 0.39624674081802364 0.28018435394910518 1.1402611622214316 -0.19232872068881987
leaf_count=766 14757 177 26 27 183 24 24
internal_value=0 1.14382 3.15964 -0.11681 3.58526 4.60224 4.01718
internal_count=15984 1227 461 53 408 225 201
shrinkage=0.12


end of trees

feature importances:
Column_8=46
Column_0=32
Column_2=28
Column_1=19
Column_3=4
Column_7=4

parameters:
[boosting: gbdt]
[objective: regression]
[metric: rmse]
[tree_learner: serial]
[device_type: cpu]
[data: ]
[valid: ]
[num_iterations: 100]
[learning_rate: 0.12]
[num_leaves: 8]
[num_threads: 0]
[max_depth: -1]
[min_data_in_leaf: 20]
[min_sum_hessian_in_leaf: 0.001]
[bagging_fraction: 0.8]
[bagging_freq: 5]
[bagging_seed: 3]
[feature_fraction: 0.9]
[feature_fraction_seed: 2]
[early_stopping_round: 0]
[max_delta_step: 0]
[lambda_l1: 0]
[lambda_l2: 0]
[min_gain_to_split: 0]
[drop_rate: 0.1]
[max_drop: 50]
[skip_drop: 0.5]
[xgboost_dart_mode: 0]
[uniform_drop: 0]
[drop_seed: 4]
[top_rate: 0.2]
[other_rate: 0.1]
[min_data_per_group: 100]
[max_cat_threshold: 32]
[cat_l2: 10]
[cat_smooth: 10]
[max_cat_to_onehot: 4]
[top_k: 20]
[monotone_constraints: ]
[feature_contri: ]
[forcedsplits_filename: ]
[refit_decay_rate: 0.9]
[verbosity: 0]
[max_bin: 255]
[min_data_in_bin: 3]
[bin_construct_sample_cnt: 200000]
[histogram_pool_size: -1]
[data_random_seed: 1]
[output_model: LightGBM_model.txt]
[snapshot_freq: -1]
[input_model: ]
[output_result: LightGBM_predict_result.txt]
[initscore_filename: ]
[valid_data_initscores: ]
[pre_partition: 0]
[enable_bundle: 1]
[max_conflict_rate: 0]
[is_enable_sparse: 1]
[sparse_threshold: 0.8]
[use_missing: 1]
[zero_as_missing: 0]
[two_round: 0]
[save_binary: 0]
[enable_load_from_binary_file: 1]
[header: 0]
[label_column: ]
[weight_column: ]
[group_column: ]
[ignore_column: ]
[categorical_feature: ]
[predict_raw_score: 0]
[predict_leaf_index: 0]
[predict_contrib: 0]
[num_iteration_predict: -1]
[pred_early_stop: 0]
[pred_early_stop_freq: 10]
[pred_early_stop_margin: 10]
[convert_model_language: ]
[convert_model: gbdt_prediction.cpp]
[num_class: 1]
[is_unbalance: 0]
[scale_pos_weight: 1]
[sigmoid: 1]
[boost_from_average: 1]
[reg_sqrt: 0]
[alpha: 0.9]
[fair_c: 1]
[poisson_max_delta_step: 0.7]
[tweedie_variance_power: 1.5]
[max_position: 20]
[label_gain: ]
[metric_freq: 1]
[is_provide_training_metric: 0]
[eval_at: ]
[num_machines: 1]
[local_listen_port: 12400]
[time_out: 120]
[machine_list_filename: ]
[machines: ]
[gpu_platform_id: -1]
[gpu_device_id: -1]
[gpu_use_dp: 0]

end of parameters

pandas_categorical:null
