tree
version=v2
num_class=1
num_tree_per_iteration=1
label_index=0
max_feature_idx=8
objective=regression
feature_names=Column_0 Column_1 Column_2 Column_3 Column_4 Column_5 Column_6 Column_7 Column_8
feature_infos=[0:23] [0:6] [1:12] [0:2] none [0:1] [0:1] [0:1] [-10.229999542236328:95.220001220703125]
tree_sizes=695 712 711 722 713 712 720 719 721 720 722 718 708 709 722 719 719 719 723 720

Tree=0
num_leaves=8
num_cat=0
split_feature=8 2 2 2 7 0 0
split_gain=14571.4 3979.81 3467.71 3459.24 2223.15 2066.34 2058.66
threshold=49.495000839233406 9.5000000000000018 2.5000000000000004 11.500000000000002 0.99500000476837169 1.5000000000000002 14.500000000000002
decision_type=2 2 2 2 2 2 2
left_child=1 2 -1 5 -3 -2 -6
right_child=3 4 -4 -5 6 -7 -8
leaf_value=3.0596318818106329 3.0688219205118865 3.1356581491658391 2.8634831924993422 3.7985771283729743 3.2571837486512387 2.7757653352042548 4.777423617710264
leaf_count=2621 361 2178 2571 49 29 8606 23
internal_value=0 1.02351 0.543601 -0.868432 2.14085 -0.914221 8.60273
internal_count=16438 7422 5192 9016 2230 8967 52
shrinkage=1


Tree=1
num_leaves=8
num_cat=0
split_feature=8 2 2 7 2 0 1
split_gain=11284.1 3081.96 2724.55 2785.24 2706.32 2205.2 2143.33
threshold=49.495000839233406 9.5000000000000018 10.500000000000002 0.91500002145767223 3.5000000000000004 1.0000000180025095e-35 4.5000000000000009
decision_type=2 2 2 2 2 2 2
left_child=1 4 -2 -4 5 -1 -3
right_child=2 6 3 -5 -6 -7 -8
leaf_value=0.50816654157734686 -0.1041126358589148 0.15575432429064068 0.12164785356326617 1.2067728284689097 -0.10130254899895431 0.085022657181526518 0.42289492306148779
leaf_count=186 8708 1643 269 39 1192 3814 587
internal_value=0 0.900685 -0.76422 2.15875 0.478369 0.87249 1.88394
internal_count=16438 7422 9016 308 5192 4000 2230
shrinkage=0.12


Tree=2
num_leaves=8
num_cat=0
split_feature=8 2 2 7 2 1 8
split_gain=8743.84 2700.32 2456.25 2057.51 1846.88 1547.07 1575.6
threshold=50.289999008178718 9.5000000000000018 2.5000000000000004 0.99500000476837169 11.500000000000002 4.5000000000000009 25.039999961853031
decision_type=2 2 2 2 2 2 2
left_child=1 2 -1 5 -2 -3 -7
right_child=4 3 -4 -5 -6 6 -8
leaf_value=0.12822472054718034 -0.086521420608371744 0.12435427438435978 -0.034521195431690514 0.90778900216365677 0.70184359684933062 -0.13813747401590701 0.43261536660088856
leaf_count=2649 8775 1642 2693 58 43 81 497
internal_value=0 0.773583 0.384846 1.68519 -0.688975 1.53157 2.93859
internal_count=16438 7620 5342 2278 8818 2220 578
shrinkage=0.12


Tree=3
num_leaves=8
num_cat=0
split_feature=8 2 7 0 2 2 0
split_gain=6875.91 2284.06 1974.55 1847.59 1726.87 1677.27 1505.67
threshold=48.024999618530281 10.500000000000002 0.91500002145767223 1.0000000180025095e-35 9.5000000000000018 2.5000000000000004 1.0000000180025095e-35
decision_type=2 2 2 2 2 2 2
left_child=3 6 -3 -1 5 -5 -2
right_child=1 2 -4 4 -6 -7 -8
leaf_value=0.35406421306436692 0.15721806481601744 0.11832841942976685 0.9564773374277612 0.10267675949718844 0.1678081049812026 -0.041745278245495766 -0.090280329997783987
leaf_count=359 369 337 46 2451 2000 2195 8681
internal_value=0 -0.567012 1.82495 0.740846 0.621484 0.287039 -0.668241
internal_count=16438 9433 383 7005 6646 4646 9050
shrinkage=0.12


Tree=4
num_leaves=8
num_cat=0
split_feature=8 2 1 2 7 1 2
split_gain=5334.69 3296.72 1657.31 965.05 1697.16 929.985 1035.23
threshold=46.215000152587898 11.500000000000002 3.5000000000000004 9.5000000000000018 0.99500000476837169 2.5000000000000004 11.500000000000002
decision_type=2 2 2 2 2 2 2
left_child=5 3 -3 -2 -5 6 -1
right_child=1 2 -4 4 -6 -7 -8
leaf_value=0.0035969358072422521 -0.077927059929812664 0.0053942719627829159 1.0675074809151037 0.0051527233213624537 0.69875422998419345 0.1239828850881647 0.20324964449997643
leaf_count=2525 8516 34 56 1224 53 3591 439
internal_value=0 -0.472463 5.55221 -0.527831 0.28283 0.690988 0.276397
internal_count=16438 9883 90 9793 1277 6555 2964
shrinkage=0.12


Tree=5
num_leaves=8
num_cat=0
split_feature=8 2 0 0 0 1 0
split_gain=4084.65 1932.59 1228.97 1730.27 1158.11 1103.35 1539.55
threshold=43.844999313354499 11.500000000000002 12.500000000000002 1.0000000180025095e-35 1.5000000000000002 3.5000000000000004 15.500000000000002
decision_type=2 2 2 2 2 2 2
left_child=2 4 3 -1 -2 -3 -7
right_child=1 5 -4 -5 -6 6 -8
leaf_value=0.2956348486111896 0.14077646786347031 0.025290426657750054 0.13291557187102954 -0.0073122951445094807 -0.058192622411506065 0.3684723180135091 1.612800189767565
leaf_count=303 440 52 3081 2610 9886 45 21
internal_value=0 -0.368302 0.667341 0.20166 -0.414286 3.65573 6.36996
internal_count=16438 10444 5994 2913 10326 118 66
shrinkage=0.12


Tree=6
num_leaves=8
num_cat=0
split_feature=8 2 0 0 0 0 2
split_gain=3163.15 1496.6 1051.44 961.55 903.224 896.84 747.052
threshold=43.844999313354499 11.500000000000002 21.500000000000004 1.0000000180025095e-35 8.5000000000000018 1.5000000000000002 9.5000000000000018
decision_type=2 2 2 2 2 2 2
left_child=2 5 3 -1 -5 -2 -7
right_child=1 -3 -4 4 -6 6 -8
leaf_value=0.26015866555789907 0.12388328509032726 0.38604526354599805 0.21155537734561494 -0.04025682909190241 0.072324896579452624 -0.064663783263286756 0.029668854976905152
leaf_count=303 440 118 675 1439 3577 8476 1410
internal_value=0 -0.324106 0.58726 0.43806 0.33356 -0.364572 -0.426746
internal_count=16438 10444 5994 5319 5016 10326 9886
shrinkage=0.12


Tree=7
num_leaves=8
num_cat=0
split_feature=8 2 1 0 1 0 7
split_gain=2455.15 1071.45 1236.66 879.442 857.26 1029.83 814.778
threshold=43.335000991821296 10.500000000000002 4.5000000000000009 21.500000000000004 1.5000000000000002 1.0000000180025095e-35 0.7150000035762788
decision_type=2 2 2 2 2 2 2
left_child=3 -2 6 4 -1 -6 -3
right_child=1 2 -4 -5 5 -7 -8
leaf_value=-0.026292114145566977 -0.043176963806584798 -0.04902176547757129 0.40441424613197646 0.19321255080514105 0.33965462778957145 0.063303327463725773 0.39850459433120228
leaf_count=1607 9958 388 162 664 206 3384 69
internal_value=0 -0.280455 0.996116 0.526402 0.387942 0.659673 0.154565
internal_count=16438 10577 619 5861 5197 3590 457
shrinkage=0.12


Tree=8
num_leaves=8
num_cat=0
split_feature=2 2 0 1 7 0 2
split_gain=1642.89 2232.32 1363.94 968.254 919.24 791.795 839.756
threshold=10.500000000000002 2.5000000000000004 1.0000000180025095e-35 4.5000000000000009 0.99500000476837169 21.500000000000004 9.5000000000000018
decision_type=2 2 2 2 2 2 2
left_child=1 -1 -3 4 -2 -4 -7
right_child=3 2 5 -5 -6 6 -8
leaf_value=0.080552644297569059 0.033306948648176238 0.14959636572314272 -0.05810773325021315 0.23283112806129327 0.519725489770544 0.01311628948987984 0.35318049578330457
leaf_count=2863 1580 532 9740 564 58 984 117
internal_value=0 -0.117972 -0.316653 0.810195 0.421088 -0.393368 0.410449
internal_count=16438 14236 11373 2202 1638 10841 1101
shrinkage=0.12


Tree=9
num_leaves=8
num_cat=0
split_feature=8 2 0 0 7 0 0
split_gain=1561.74 1955.47 1105.9 793.668 819.486 1024.04 561.315
threshold=38.085000991821296 11.500000000000002 16.500000000000004 1.0000000180025095e-35 0.99500000476837169 20.500000000000004 7.5000000000000009
decision_type=2 2 2 2 2 2 2
left_child=-1 3 -3 -2 6 -6 -5
right_child=1 2 -4 4 5 -7 -8
leaf_value=0.062582173311831316 0.1179773591807079 0.12335254196877256 0.62613549510960742 -0.10804143485549779 0.080906687956780951 0.77685163429805204 -0.029692953684691367
leaf_count=4324 507 191 94 1528 234 35 9525
internal_value=0 -0.178553 2.40986 -0.240917 -0.29573 1.42881 -0.337701
internal_count=16438 12114 285 11829 11322 269 11053
shrinkage=0.12


Tree=10
num_leaves=8
num_cat=0
split_feature=0 0 7 2 1 2 5
split_gain=1292.24 1250.22 1547.9 1062.88 770.594 1109.01 878.373
threshold=1.0000000180025095e-35 20.500000000000004 0.99500000476837169 8.5000000000000018 4.5000000000000009 10.500000000000002 1.0000000180025095e-35
decision_type=2 2 2 2 2 2 2
left_child=-1 4 -3 -4 -2 -6 -7
right_child=1 2 3 -5 5 6 -8
leaf_value=0.14967983104030977 -0.043470309632145272 0.054328690141326311 0.24463806708653765 1.3829241744109562 -0.0037931879030123042 0.13162570653257497 0.62432275497913359
leaf_count=752 9666 2371 27 21 3145 396 60
internal_value=0 -0.0946016 0.566556 6.18865 -0.215152 0.179704 1.63712
internal_count=16438 15686 2419 48 13267 3601 456
shrinkage=0.12


Tree=11
num_leaves=8
num_cat=0
split_feature=0 2 2 0 1 8 8
split_gain=1002.19 1068.94 1441.83 1078.64 739.431 676.365 658.628
threshold=1.5000000000000002 9.5000000000000018 2.5000000000000004 19.500000000000004 4.5000000000000009 22.894999504089359 57.854999542236335
decision_type=2 2 2 2 2 2 2
left_child=-1 2 -2 4 -3 -5 -7
right_child=1 3 -4 5 -6 6 -8
leaf_value=0.13033277428825385 0.050672648374658791 -0.022831125221349984 -0.047452592873706463 -0.30616960132444226 0.12362784999537436 0.27167649460116294 -0.098130154296755798
leaf_count=768 2768 1824 9758 37 682 521 80
internal_value=0 -0.0838893 -0.21474 0.437434 0.141894 1.59829 1.85376
internal_count=16438 15670 12526 3144 2506 638 601
shrinkage=0.12


Tree=12
num_leaves=8
num_cat=0
split_feature=2 8 8 7 1 8 8
split_gain=878.774 1277.13 959.946 1760.23 935.551 1015.38 844.821
threshold=11.500000000000002 16.404999732971195 29.664999961853031 0.19500000029802325 5.5000000000000009 39.594999313354499 31.414999961853031
decision_type=2 2 2 2 2 2 2
left_child=2 -2 3 -1 -3 6 -6
right_child=1 4 -4 -5 5 -7 -8
leaf_value=0.062662096233499512 -0.3466765172387074 0.099609229126176146 -0.020447630081584584 1.0777712900161742 0.70081547502141728 1.2015081960504705 -0.054679572300073948
leaf_count=1531 84 872 13818 25 39 22 47
internal_value=0 0.853176 -0.0865451 0.658097 1.17393 3.95023 2.39941
internal_count=16438 1064 15374 1556 980 108 86
shrinkage=0.12


Tree=13
num_leaves=8
num_cat=0
split_feature=2 8 2 8 1 8 8
split_gain=680.523 989.012 833.171 1114.95 724.49 786.309 654.229
threshold=11.500000000000002 16.404999732971195 3.5000000000000004 20.82499980926514 5.5000000000000009 39.594999313354499 31.414999961853031
decision_type=2 2 2 2 2 2 2
left_child=2 -2 -1 -4 -3 6 -6
right_child=1 4 3 -5 5 -7 -8
leaf_value=0.034539933084732924 -0.30507532588073183 0.087656121080049207 0.86814260686933997 -0.028649351805217303 0.61671761952913717 1.0573272423310713 -0.048118025891958398
leaf_count=4463 84 872 20 10891 39 22 47
internal_value=0 0.750795 -0.0761597 -0.225046 1.03306 3.47621 2.11148
internal_count=16438 1064 15374 10911 980 108 86
shrinkage=0.12


Tree=14
num_leaves=8
num_cat=0
split_feature=0 0 7 2 1 0 8
split_gain=787.474 876.281 1154.03 747.488 505.198 875.971 616.195
threshold=1.0000000180025095e-35 20.500000000000004 0.99500000476837169 7.5000000000000009 4.5000000000000009 12.500000000000002 18.615000724792484
decision_type=2 2 2 2 2 2 2
left_child=-1 4 -3 -4 5 6 -2
right_child=1 2 3 -5 -6 -7 -8
leaf_value=0.1175660594271377 0.14874172144203207 0.046488632983235439 0.20521146847651553 1.1556102823669259 0.018113467293174385 0.001842690130424728 -0.078725752858623765
leaf_count=752 178 2371 26 22 3601 4798 4690
internal_value=0 -0.0678399 0.485681 5.34009 -0.168765 -0.28787 -0.586736
internal_count=16438 15686 2419 48 13267 9666 4868
shrinkage=0.12


Tree=15
num_leaves=8
num_cat=0
split_feature=8 7 2 7 1 8 8
split_gain=784.602 3580.47 898.622 851.098 602.543 707.639 1036.3
threshold=31.969999313354496 0.58499997854232799 9.5000000000000018 0.99500000476837169 4.5000000000000009 56.854999542236335 39.594999313354499
decision_type=2 2 2 2 2 2 2
left_child=1 -1 -2 4 -4 6 -6
right_child=2 -3 3 -5 5 -7 -8
leaf_value=0.050513475418877525 -0.021725510067001842 1.3695949578285216 0.0066918016559517693 0.39566482221378996 -0.069542189410390101 -0.085650422640993623 0.30512533498837441
leaf_count=2415 11329 30 1867 102 146 158 391
internal_value=0 0.555821 -0.0581593 0.464432 0.351651 1.1465 1.69384
internal_count=16438 2445 13993 2664 2562 695 537
shrinkage=0.12


Tree=16
num_leaves=8
num_cat=0
split_feature=0 2 2 8 1 8 2
split_gain=777.288 514.016 667.125 643.904 501.736 1652.69 886.056
threshold=21.500000000000004 3.5000000000000004 10.500000000000002 6.4549999237060556 4.5000000000000009 39.594999313354499 11.500000000000002
decision_type=2 2 2 2 2 2 2
left_child=1 3 -3 -1 -4 -6 -7
right_child=-2 2 4 -5 5 6 -8
leaf_value=0.48300670671959722 0.082421783933002091 -0.032599417008761317 0.0089153037271110201 0.026503687066108138 -0.048982593660121372 0.23633474795344453 0.75841808031905777
leaf_count=45 1620 8889 1428 3953 276 161 66
internal_value=0 -0.0427152 -0.15593 0.263683 0.376823 1.23569 3.23442
internal_count=16438 14818 10820 3998 1931 503 227
shrinkage=0.12


Tree=17
num_leaves=8
num_cat=0
split_feature=0 0 1 2 8 0 8
split_gain=601.931 498.144 641.346 477.681 470.075 439.29 428.571
threshold=21.500000000000004 1.5000000000000002 5.5000000000000009 9.5000000000000018 12.600000381469728 5.5000000000000009 22.894999504089359
decision_type=2 2 2 2 2 2 2
left_child=1 2 -1 4 -2 -3 -5
right_child=3 5 -4 6 -6 -7 -8
leaf_value=0.13410080018301818 0.60268074955259054 -0.098173156875717163 -0.17399155585389389 -0.31031593192707407 0.030255056067279611 -0.0045980379278851855 0.23791390285536937
leaf_count=664 21 764 114 22 1269 13276 308
internal_value=0 -0.0375894 0.741301 0.604426 0.32978 -0.0807501 1.67804
internal_count=16438 14818 778 1620 1290 14040 330
shrinkage=0.12


Tree=18
num_leaves=8
num_cat=0
split_feature=8 7 1 2 0 7 8
split_gain=528.561 2778.48 617.166 558.505 743.733 564.382 777.136
threshold=31.969999313354496 0.58499997854232799 1.0000000180025095e-35 9.5000000000000018 10.500000000000002 0.99500000476837169 50.024999618530281
decision_type=2 2 2 2 2 2 2
left_child=1 2 -1 -2 -5 -6 -7
right_child=3 -3 -4 4 5 6 -8
leaf_value=-0.097877060184445308 -0.017908119949893952 1.2019294323921201 0.066635822557424826 -0.049951898271915332 0.07286998067773226 0.80945370058218635 0.015356622832162039
leaf_count=392 11329 30 2023 844 1749 36 35
internal_value=0 0.451583 0.332769 -0.0523554 0.359635 0.719448 3.48331
internal_count=16438 2445 2415 13993 2664 1820 71
shrinkage=0.12


Tree=19
num_leaves=8
num_cat=0
split_feature=2 8 2 0 8 2 8
split_gain=486.415 676.578 585.543 484.788 420.832 411.153 679.787
threshold=2.5000000000000004 12.600000381469728 9.5000000000000018 20.500000000000004 21.57499980926514 1.5000000000000002 50.289999008178718
decision_type=2 2 2 2 2 2 2
left_child=1 -1 -2 -4 -5 6 -3
right_child=2 5 3 4 -6 -7 -8
leaf_value=0.31345404960726964 -0.021342515902926427 -0.028958469422198083 0.017555907767812427 -0.32302721369725007 0.17306580240887801 0.081384623238677359 0.37743210193610954
leaf_count=131 10236 1347 2809 26 465 1362 62
internal_value=0 0.391403 -0.0597607 0.306544 1.2233 0.286418 -0.0923011
internal_count=16438 2902 13536 3300 491 2771 1409
shrinkage=0.12


end of trees

feature importances:
Column_2=40
Column_0=34
Column_8=33
Column_1=17
Column_7=15
Column_5=1

parameters:
[boosting: gbdt]
[objective: regression]
[metric: rmse]
[tree_learner: serial]
[device_type: cpu]
[data: ]
[valid: ]
[num_iterations: 100]
[learning_rate: 0.12]
[num_leaves: 8]
[num_threads: 0]
[max_depth: -1]
[min_data_in_leaf: 20]
[min_sum_hessian_in_leaf: 0.001]
[bagging_fraction: 0.8]
[bagging_freq: 5]
[bagging_seed: 3]
[feature_fraction: 0.9]
[feature_fraction_seed: 2]
[early_stopping_round: 0]
[max_delta_step: 0]
[lambda_l1: 0]
[lambda_l2: 0]
[min_gain_to_split: 0]
[drop_rate: 0.1]
[max_drop: 50]
[skip_drop: 0.5]
[xgboost_dart_mode: 0]
[uniform_drop: 0]
[drop_seed: 4]
[top_rate: 0.2]
[other_rate: 0.1]
[min_data_per_group: 100]
[max_cat_threshold: 32]
[cat_l2: 10]
[cat_smooth: 10]
[max_cat_to_onehot: 4]
[top_k: 20]
[monotone_constraints: ]
[feature_contri: ]
[forcedsplits_filename: ]
[refit_decay_rate: 0.9]
[verbosity: 0]
[max_bin: 255]
[min_data_in_bin: 3]
[bin_construct_sample_cnt: 200000]
[histogram_pool_size: -1]
[data_random_seed: 1]
[output_model: LightGBM_model.txt]
[snapshot_freq: -1]
[input_model: ]
[output_result: LightGBM_predict_result.txt]
[initscore_filename: ]
[valid_data_initscores: ]
[pre_partition: 0]
[enable_bundle: 1]
[max_conflict_rate: 0]
[is_enable_sparse: 1]
[sparse_threshold: 0.8]
[use_missing: 1]
[zero_as_missing: 0]
[two_round: 0]
[save_binary: 0]
[enable_load_from_binary_file: 1]
[header: 0]
[label_column: ]
[weight_column: ]
[group_column: ]
[ignore_column: ]
[categorical_feature: ]
[predict_raw_score: 0]
[predict_leaf_index: 0]
[predict_contrib: 0]
[num_iteration_predict: -1]
[pred_early_stop: 0]
[pred_early_stop_freq: 10]
[pred_early_stop_margin: 10]
[convert_model_language: ]
[convert_model: gbdt_prediction.cpp]
[num_class: 1]
[is_unbalance: 0]
[scale_pos_weight: 1]
[sigmoid: 1]
[boost_from_average: 1]
[reg_sqrt: 0]
[alpha: 0.9]
[fair_c: 1]
[poisson_max_delta_step: 0.7]
[tweedie_variance_power: 1.5]
[max_position: 20]
[label_gain: ]
[metric_freq: 1]
[is_provide_training_metric: 0]
[eval_at: ]
[num_machines: 1]
[local_listen_port: 12400]
[time_out: 120]
[machine_list_filename: ]
[machines: ]
[gpu_platform_id: -1]
[gpu_device_id: -1]
[gpu_use_dp: 0]

end of parameters

pandas_categorical:null
