tree
version=v2
num_class=1
num_tree_per_iteration=1
label_index=0
max_feature_idx=8
objective=regression
feature_names=Column_0 Column_1 Column_2 Column_3 Column_4 Column_5 Column_6 Column_7 Column_8
feature_infos=[0:23] [0:6] [1:12] [0:2] none [0:1] [0:1] [0:1] [-10.229999542236328:95.519996643066406]
tree_sizes=699 714 716 718 718 722 721 717 714 715 727 716 709 705 710 705 723 729 726 723

Tree=0
num_leaves=8
num_cat=0
split_feature=0 0 8 2 8 0 2
split_gain=27844.8 20056.3 2553.62 1047.33 802.096 768.211 678.291
threshold=4.0000000000000009 1.0000000180025095e-35 49.405000686645515 10.500000000000002 66.020000457763686 6.5000000000000009 11.500000000000002
decision_type=2 2 2 2 2 2 2
left_child=1 3 -2 -1 -3 -4 -7
right_child=2 4 5 -5 -6 6 -8
leaf_value=2.7449553474454267 2.6887037369892344 3.7891530448012603 2.761692270033214 3.1475545574040256 3.3979790294730514 2.5783557881148935 3.0012313256383072
leaf_count=672 6654 497 355 108 89 7910 55
internal_value=0 4.31404 -0.40228 0.992794 8.73482 -0.771589 -0.835739
internal_count=16340 1366 14974 780 586 8320 7965
shrinkage=1


Tree=1
num_leaves=8
num_cat=0
split_feature=0 0 8 1 8 1 1
split_gain=21563 15531.6 2131.5 1990.47 1223.63 1138.21 1044.1
threshold=4.0000000000000009 1.0000000180025095e-35 36.82500076293946 3.5000000000000004 66.020000457763686 4.5000000000000009 4.5000000000000009
decision_type=2 2 2 2 2 2 2
left_child=1 -1 5 4 -3 -2 -4
right_child=2 3 6 -5 -6 -7 -8
leaf_value=0.10483909564981093 -0.0014961240408523232 1.238790010241575 -0.089669389901459229 0.68313558920224504 0.62879422385117101 0.15411930600802104 -0.0092381822612449538
leaf_count=780 2508 258 8313 270 58 927 3226
internal_value=0 3.79636 -0.354007 7.68664 9.39024 0.337497 -0.559858
internal_count=16340 1366 14974 586 316 3435 11539
shrinkage=0.12


Tree=2
num_leaves=8
num_cat=0
split_feature=8 1 7 2 3 8 8
split_gain=2590.24 1501.62 611.877 1135.96 547.965 527.077 526.05
threshold=50.125000000000007 4.5000000000000009 0.99500000476837169 9.5000000000000018 1.0000000180025095e-35 18.615000724792484 31.775000572204593
decision_type=2 2 2 2 2 2 2
left_child=1 5 6 -4 -2 -1 -3
right_child=4 2 3 -5 -6 -7 -8
leaf_value=0.16927727592760516 -0.033917542556441721 0.21439521675809806 0.074456588029861451 1.1527388393878937 -0.12492334985009887 0.0081697241868896025 0.084183149979548871
leaf_count=310 7664 654 34 24 1088 5156 1410
internal_value=0 0.421399 1.13537 4.33869 -0.376924 0.144223 1.04535
internal_count=16340 7588 2122 58 8752 5466 2064
shrinkage=0.12


Tree=3
num_leaves=8
num_cat=0
split_feature=0 0 1 8 2 7 1
split_gain=16584.6 11971.3 1593.82 1337.8 970.265 1150.1 942.983
threshold=4.0000000000000009 1.0000000180025095e-35 3.5000000000000004 38.395000457763679 11.500000000000002 0.99500000476837169 4.5000000000000009
decision_type=2 2 2 2 2 2 2
left_child=1 -1 -3 6 -5 -6 -2
right_child=3 2 -4 4 5 -7 -8
leaf_value=0.091701477207529997 -0.012631951774405032 0.99239567998914591 0.59536443899737468 -0.064219698309400844 0.084334819959439783 0.92244922468295454 0.12015661782088496
leaf_count=780 2859 316 270 10782 253 26 1054
internal_value=0 3.33012 6.74553 -0.30974 -0.487521 1.35366 0.192798
internal_count=16340 1366 586 14974 11061 279 3913
shrinkage=0.12


Tree=4
num_leaves=8
num_cat=0
split_feature=8 2 1 1 3 8 7
split_gain=1685.59 1030.85 1175.14 692.72 478.47 429.912 414.822
threshold=45.375000000000007 11.500000000000002 4.5000000000000009 4.5000000000000009 1.0000000180025095e-35 71.645000457763686 0.9350000023841859
decision_type=2 2 2 2 2 2 2
left_child=3 4 6 -1 5 -2 -3
right_child=1 2 -4 -5 -6 -7 -8
leaf_value=0.023302377634413323 -0.0085933592977785259 -0.10273788051585019 0.87074349519845684 0.11197886592976443 -0.10837744715817617 -0.066843866319858031 0.51830500381333489
leaf_count=4597 6128 59 38 1752 1147 2598 21
internal_value=0 -0.260833 2.67734 0.398105 -0.29595 -0.216136 0.502382
internal_count=16340 9991 118 6349 9873 8726 80
shrinkage=0.12


Tree=5
num_leaves=8
num_cat=0
split_feature=0 0 1 0 2 2 1
split_gain=11930.1 9558.46 2246.32 1213.35 780.552 806.564 757.398
threshold=4.0000000000000009 1.0000000180025095e-35 5.5000000000000009 7.5000000000000009 2.5000000000000004 11.500000000000002 2.5000000000000004
decision_type=2 2 2 2 2 2 2
left_child=1 -1 6 -2 -5 -6 -3
right_child=3 2 -4 4 5 -7 -8
leaf_value=0.067759331966098402 0.066878147568273538 0.95868429775332864 0.036235843822360038 0.018611240782642827 -0.066691939029365016 0.052428445428710189 0.66512987097162724
leaf_count=800 1609 220 64 2396 10062 891 298
internal_value=0 2.8078 5.89116 -0.263037 -0.361917 -0.475015 6.58171
internal_count=16340 1382 582 14958 13349 10953 518
shrinkage=0.12


Tree=6
num_leaves=8
num_cat=0
split_feature=0 0 7 0 2 2 2
split_gain=9244.41 7512.06 996.213 948.111 741.279 604.46 624.603
threshold=1.5000000000000002 1.0000000180025095e-35 0.85500001907348644 7.5000000000000009 6.5000000000000009 2.5000000000000004 11.500000000000002
decision_type=2 2 2 2 2 2 2
left_child=1 -1 4 -2 -3 -5 -7
right_child=3 2 -4 5 -6 6 -8
leaf_value=0.059628210773365574 0.059102023221220407 0.71377267533443012 1.2789139576256274 0.016377894128665006 0.43119778793148633 -0.058688903818474546 0.046137032943843588
leaf_count=800 1616 305 32 2396 238 10062 891
internal_value=0 2.47851 5.23552 -0.230911 4.91599 -0.318487 -0.418013
internal_count=16340 1375 575 14965 543 13349 10953
shrinkage=0.12


Tree=7
num_leaves=8
num_cat=0
split_feature=0 0 1 1 0 7 2
split_gain=7158.87 5817.34 1663.74 798.307 1312.99 738.588 974.673
threshold=1.5000000000000002 1.0000000180025095e-35 5.5000000000000009 4.5000000000000009 10.500000000000002 0.014999999664723875 6.5000000000000009
decision_type=2 2 2 2 2 2 2
left_child=1 -1 5 -2 -5 6 -3
right_child=3 2 -4 4 -6 -7 -8
leaf_value=0.052472822114266453 -0.041406999841051645 0.72828344920689081 -0.034283440025343052 0.1306278180015345 -0.021234626209492707 0.97453658653272157 0.36925493333190679
leaf_count=800 10866 239 62 1133 2966 74 200
internal_value=0 2.18109 4.60726 -0.203201 0.172846 5.19861 4.70597
internal_count=16340 1375 575 14965 4099 513 439
shrinkage=0.12


Tree=8
num_leaves=8
num_cat=0
split_feature=0 0 1 0 7 1 2
split_gain=5543.83 4504.95 1288.4 672.443 631.389 590.545 480.298
threshold=1.5000000000000002 1.0000000180025095e-35 5.5000000000000009 7.5000000000000009 0.88499999046325695 4.5000000000000009 6.5000000000000009
decision_type=2 2 2 2 2 2 2
left_child=1 -1 4 5 6 -2 -3
right_child=3 2 -4 -5 -6 -7 -8
leaf_value=0.046176082715950903 0.0088710228846508622 0.62534033730289984 -0.030169435659002874 -0.030308546371979165 1.1030410961540682 0.17465820281411246 0.38537710956106447
leaf_count=800 1199 266 62 13349 28 417 219
internal_value=0 1.91936 4.05439 -0.178817 4.57478 0.430429 4.30822
internal_count=16340 1375 575 14965 513 1616 485
shrinkage=0.12


Tree=9
num_leaves=8
num_cat=0
split_feature=0 0 8 7 2 8 2
split_gain=4293.14 3488.63 602.446 554.16 530.005 410.359 478.525
threshold=1.5000000000000002 1.0000000180025095e-35 36.82500076293946 0.014999999664723875 6.5000000000000009 47.604999542236335 2.5000000000000004
decision_type=2 2 2 2 2 2 2
left_child=1 5 -2 4 -3 6 -1
right_child=2 3 -4 -5 -6 -7 -8
leaf_value=-0.050381952649229886 0.025103905018386632 0.49181714976362778 -0.032062010282072305 0.71907168145532951 0.24172602686015043 -0.045956623413851032 0.22291293550798524
leaf_count=143 3450 274 11515 81 220 397 260
internal_value=0 1.68903 -0.157359 3.56786 3.17034 0.338625 1.04948
internal_count=16340 1375 14965 575 494 800 403
shrinkage=0.12


Tree=10
num_leaves=8
num_cat=0
split_feature=0 0 1 2 1 1 0
split_gain=3827.91 3558.42 1333.48 730.256 588.812 516.848 545.378
threshold=4.0000000000000009 1.0000000180025095e-35 2.5000000000000004 2.5000000000000004 1.0000000180025095e-35 4.5000000000000009 10.500000000000002
decision_type=2 2 2 2 2 2 2
left_child=1 4 -3 -2 -1 -5 -7
right_child=3 2 -4 5 -6 6 -8
leaf_value=0.28183747927805308 0.037977457438531106 0.66161219392401671 0.28015554453795799 -0.046731011854415687 -0.012135455744362183 0.086703343837008146 -0.02118418959231631
leaf_count=114 2643 208 361 8910 704 928 2472
internal_value=0 1.57617 3.49665 -0.16045 0.240282 -0.262849 0.0688563
internal_count=16340 1387 569 14953 818 12310 3400
shrinkage=0.12


Tree=11
num_leaves=8
num_cat=0
split_feature=0 0 1 2 2 8 1
split_gain=2964.34 2755.64 1032.65 565.51 474.141 870.013 455.976
threshold=4.0000000000000009 1.0000000180025095e-35 2.5000000000000004 2.5000000000000004 5.5000000000000009 49.405000686645515 1.0000000180025095e-35
decision_type=2 2 2 2 2 2 2
left_child=1 6 -3 -2 5 -4 -1
right_child=3 2 4 -5 -6 -7 -8
leaf_value=0.24801697950614127 0.03342016229386971 0.58221874572659049 0.23275805956967499 -0.027756810836481863 0.10709383456224805 0.84036664784327153 -0.010679201742380179
leaf_count=114 2643 208 138 12310 178 45 704
internal_value=0 1.38703 3.07705 -0.141196 2.05447 3.18475 0.211448
internal_count=16340 1387 569 14953 361 183 818
shrinkage=0.12


Tree=12
num_leaves=8
num_cat=0
split_feature=8 2 1 7 1 8 8
split_gain=472.672 380.612 918.535 464.363 365.506 304.664 599.637
threshold=43.335000991821296 11.500000000000002 3.5000000000000004 0.16499999910593036 5.5000000000000009 32.094999313354499 17.704999923706058
decision_type=2 2 2 2 2 2 2
left_child=4 -2 -3 -4 -1 6 -6
right_child=1 2 3 -5 5 -7 -8
leaf_value=0.014554541991966069 -0.019022149939815273 -0.17833072724988902 0.21582774712114916 0.80926698538564856 -0.092510867255765031 0.044945520519647952 0.30424614648773984
leaf_count=5052 10386 59 49 31 74 477 212
internal_value=0 -0.136518 1.50727 3.71488 0.21872 0.863842 1.67991
internal_count=16340 10525 139 80 5815 763 286
shrinkage=0.12


Tree=13
num_leaves=8
num_cat=0
split_feature=8 1 2 8 8 8 8
split_gain=387.583 469.2 430.775 602.763 334.868 286.581 398.767
threshold=55.635000228881843 5.5000000000000009 11.500000000000002 38.835000991821296 32.094999313354499 23.595000267028812 26.685000419616703
decision_type=2 2 2 2 2 2 2
left_child=1 -1 4 -4 5 -3 -7
right_child=-2 2 3 -5 -6 6 -8
leaf_value=0.004865235861646589 -0.021332485846686677 0.035921258562011643 0.13573650905314613 0.70687656244883934 0.025590664212633833 0.80280471655726438 0.21771846124759087
leaf_count=7707 7419 96 102 36 856 20 104
internal_value=0 0.131564 0.709401 2.37275 0.496072 1.59649 2.60073
internal_count=16340 8921 1214 138 1076 220 124
shrinkage=0.12


Tree=14
num_leaves=8
num_cat=0
split_feature=0 0 1 1 8 1 0
split_gain=2273 2134.56 849.184 862.02 647.999 406.43 510.123
threshold=4.0000000000000009 1.0000000180025095e-35 1.5000000000000002 1.0000000180025095e-35 55.385000228881843 4.5000000000000009 10.500000000000002
decision_type=2 2 2 2 2 2 2
left_child=1 -1 3 -3 -5 -2 -7
right_child=5 2 -4 4 -6 6 -8
leaf_value=0.021856839366047702 -0.02674148276047799 0.14665108825709366 0.2519335619515089 0.56646262359619137 1.286462147951126 0.086353531567893826 -0.0084296198858758043
leaf_count=818 10847 37 457 45 30 1127 2979
internal_value=0 1.21679 2.70422 5.17193 7.12052 -0.121412 0.146551
internal_count=16340 1387 569 112 75 14953 4106
shrinkage=0.12


Tree=15
num_leaves=8
num_cat=0
split_feature=8 1 8 2 8 2 2
split_gain=358.931 584.38 276.104 411.158 344.489 319.58 238.298
threshold=39.68499946594239 5.5000000000000009 30.365000724792484 2.5000000000000004 16.534999847412113 11.500000000000002 2.5000000000000004
decision_type=2 2 2 2 2 2 2
left_child=1 -1 3 -3 -5 -6 -4
right_child=-2 2 6 4 5 -7 -8
leaf_value=0.012830889694310234 -0.0099934313524446677 0.37882588165595121 -0.043339582337629072 -0.31976717783854558 -0.039829955284412091 0.47184363037347793 0.14896028989789689
leaf_count=4157 11558 133 149 26 39 32 246
internal_value=0 0.242472 1.14403 2.01506 0.449457 1.58986 0.636849
internal_count=16340 4782 625 230 97 71 395
shrinkage=0.12


Tree=16
num_leaves=8
num_cat=0
split_feature=0 3 0 2 8 0 0
split_gain=2228.34 625.64 507.335 330.284 545.198 541.404 479.142
threshold=6.5000000000000009 1.0000000180025095e-35 21.500000000000004 2.5000000000000004 10.450000286102297 1.5000000000000002 1.0000000180025095e-35
decision_type=2 2 2 2 2 2 2
left_child=1 3 -2 4 -1 6 -5
right_child=2 -3 -4 5 -6 -7 -8
leaf_value=0.55728816307508033 -0.024121143753654817 -0.16712314679800908 0.046600177997440949 0.12821162773859932 -0.012780739466640606 0.066044213605832444 0.29233403179673889
leaf_count=26 12555 107 1653 532 341 632 494
internal_value=0 0.963925 -0.132443 1.08845 0.230047 1.27846 1.72695
internal_count=16340 2132 14208 2025 367 1658 1026
shrinkage=0.12


Tree=17
num_leaves=8
num_cat=0
split_feature=0 3 0 1 2 8 0
split_gain=1725.63 484.495 392.88 286.236 429.752 1182.17 328.871
threshold=6.5000000000000009 1.0000000180025095e-35 21.500000000000004 4.5000000000000009 11.500000000000002 43.594999313354499 13.500000000000002
decision_type=2 2 2 2 2 2 2
left_child=1 -1 3 6 -5 -6 -2
right_child=2 -3 -4 4 5 -7 -8
leaf_value=0.11494008241604875 -0.056540627528426472 -0.14706836181544811 0.041008158143924146 -0.0032553578697291806 0.054534651444344023 0.81908943877500651 -0.010885929004664899
leaf_count=2025 4287 107 1653 3197 203 34 4834
internal_value=0 0.848254 -0.11655 -0.176888 0.0691909 1.36848 -0.269536
internal_count=16340 2132 14208 12555 3434 237 9121
shrinkage=0.12


Tree=18
num_leaves=8
num_cat=0
split_feature=0 3 0 8 7 8 2
split_gain=1336.32 375.193 304.246 261.099 410.155 283.561 255.772
threshold=6.5000000000000009 1.0000000180025095e-35 21.500000000000004 29.73499965667725 0.19500000029802325 29.125000000000004 2.5000000000000004
decision_type=2 2 2 2 2 2 2
left_child=1 6 3 4 5 -2 -1
right_child=2 -3 -4 -5 -6 -7 -8
leaf_value=0.010500127572657626 0.0092915116946968926 -0.12942016202851991 0.036087177874226314 -0.024585934747222492 0.57128373187780379 0.24393796495244474 0.12121210839082594
leaf_count=367 1211 107 1653 11245 20 79 1658
internal_value=0 0.746464 -0.102564 -0.155662 0.26685 0.197178 0.842894
internal_count=16340 2132 14208 12555 1310 1290 2025
shrinkage=0.12


Tree=19
num_leaves=8
num_cat=0
split_feature=0 3 2 2 8 1 2
split_gain=1034.85 290.55 271.078 304.811 422.061 614.464 198.07
threshold=6.5000000000000009 1.0000000180025095e-35 2.5000000000000004 11.500000000000002 46.135000228881843 3.5000000000000004 2.5000000000000004
decision_type=2 2 2 2 2 2 2
left_child=1 6 -2 -4 -5 -6 -1
right_child=2 -3 3 4 5 -7 -8
leaf_value=0.0092401145845245596 0.024978569319830574 -0.11388974081133013 -0.024375134410674515 0.019566734068104066 -0.074800771683454517 0.54100142798918693 0.10666665728461218
leaf_count=367 2507 107 10716 889 40 56 1658
internal_value=0 0.656888 -0.0902565 -0.154193 0.378163 2.37014 0.741747
internal_count=16340 2132 14208 11701 985 96 2025
shrinkage=0.12


end of trees

feature importances:
Column_0=39
Column_8=30
Column_1=28
Column_2=28
Column_7=9
Column_3=6

parameters:
[boosting: gbdt]
[objective: regression]
[metric: rmse]
[tree_learner: serial]
[device_type: cpu]
[data: ]
[valid: ]
[num_iterations: 100]
[learning_rate: 0.12]
[num_leaves: 8]
[num_threads: 0]
[max_depth: -1]
[min_data_in_leaf: 20]
[min_sum_hessian_in_leaf: 0.001]
[bagging_fraction: 0.8]
[bagging_freq: 5]
[bagging_seed: 3]
[feature_fraction: 0.9]
[feature_fraction_seed: 2]
[early_stopping_round: 0]
[max_delta_step: 0]
[lambda_l1: 0]
[lambda_l2: 0]
[min_gain_to_split: 0]
[drop_rate: 0.1]
[max_drop: 50]
[skip_drop: 0.5]
[xgboost_dart_mode: 0]
[uniform_drop: 0]
[drop_seed: 4]
[top_rate: 0.2]
[other_rate: 0.1]
[min_data_per_group: 100]
[max_cat_threshold: 32]
[cat_l2: 10]
[cat_smooth: 10]
[max_cat_to_onehot: 4]
[top_k: 20]
[monotone_constraints: ]
[feature_contri: ]
[forcedsplits_filename: ]
[refit_decay_rate: 0.9]
[verbosity: 0]
[max_bin: 255]
[min_data_in_bin: 3]
[bin_construct_sample_cnt: 200000]
[histogram_pool_size: -1]
[data_random_seed: 1]
[output_model: LightGBM_model.txt]
[snapshot_freq: -1]
[input_model: ]
[output_result: LightGBM_predict_result.txt]
[initscore_filename: ]
[valid_data_initscores: ]
[pre_partition: 0]
[enable_bundle: 1]
[max_conflict_rate: 0]
[is_enable_sparse: 1]
[sparse_threshold: 0.8]
[use_missing: 1]
[zero_as_missing: 0]
[two_round: 0]
[save_binary: 0]
[enable_load_from_binary_file: 1]
[header: 0]
[label_column: ]
[weight_column: ]
[group_column: ]
[ignore_column: ]
[categorical_feature: ]
[predict_raw_score: 0]
[predict_leaf_index: 0]
[predict_contrib: 0]
[num_iteration_predict: -1]
[pred_early_stop: 0]
[pred_early_stop_freq: 10]
[pred_early_stop_margin: 10]
[convert_model_language: ]
[convert_model: gbdt_prediction.cpp]
[num_class: 1]
[is_unbalance: 0]
[scale_pos_weight: 1]
[sigmoid: 1]
[boost_from_average: 1]
[reg_sqrt: 0]
[alpha: 0.9]
[fair_c: 1]
[poisson_max_delta_step: 0.7]
[tweedie_variance_power: 1.5]
[max_position: 20]
[label_gain: ]
[metric_freq: 1]
[is_provide_training_metric: 0]
[eval_at: ]
[num_machines: 1]
[local_listen_port: 12400]
[time_out: 120]
[machine_list_filename: ]
[machines: ]
[gpu_platform_id: -1]
[gpu_device_id: -1]
[gpu_use_dp: 0]

end of parameters

pandas_categorical:null
