tree
version=v2
num_class=1
num_tree_per_iteration=1
label_index=0
max_feature_idx=8
objective=regression
feature_names=Column_0 Column_1 Column_2 Column_3 Column_4 Column_5 Column_6 Column_7 Column_8
feature_infos=[0:23] [0:6] [1:12] [0:2] none [0:1] [0:1] [0:1] [-9.5299997329711914:95.800003051757812]
tree_sizes=696 708 733 705 725 703 709 703 708 714 724 725 718 741 717 727 706 705 707 712

Tree=0
num_leaves=8
num_cat=0
split_feature=0 0 2 8 0 8 8
split_gain=1508.18 737.465 612.544 235.57 165.23 135.823 159.343
threshold=3.5000000000000004 1.0000000180025095e-35 10.500000000000002 37.424999237060554 5.5000000000000009 32.274999618530281 26.045000076293949
decision_type=2 2 2 2 2 2 2
left_child=1 -1 -3 5 -2 6 -4
right_child=4 2 3 -5 -6 -7 -8
leaf_value=0.28517879507626204 0.29565726408127024 0.40322688583597549 0.46517879815912899 0.90943411923109319 0.24087086140361044 0.33017879610005946 0.93317880706731404
leaf_count=850 836 707 22 47 15302 24 20
internal_value=0 0.89681 1.57338 3.73527 -0.101467 2.51684 3.60126
internal_count=17808 1670 820 113 16138 66 42
shrinkage=1


Tree=1
num_leaves=8
num_cat=0
split_feature=0 0 2 8 1 1 2
split_gain=1169.78 583.06 467.196 182.426 156.442 154.88 259.548
threshold=1.5000000000000002 1.0000000180025095e-35 10.500000000000002 37.424999237060554 4.5000000000000009 5.5000000000000009 7.5000000000000009
decision_type=2 2 2 2 2 2 2
left_child=1 -1 5 -4 -2 -3 -7
right_child=4 2 3 -5 -6 6 -8
leaf_value=0.025778546097699331 -0.018157329227500102 0.10881277427077292 0.26577854774215004 0.57512322523492443 0.0079802133028720971 0.16161277482906977 0.62465624368709061
leaf_count=850 11532 600 66 47 4618 72 23
internal_value=0 0.792998 1.40123 3.28703 -0.0890287 1.09461 2.28098
internal_count=17808 1658 808 113 16150 695 95
shrinkage=0.12


Tree=2
num_leaves=8
num_cat=0
split_feature=1 8 6 1 7 7 2
split_gain=113.945 59.4459 40.4712 27.763 25.8456 54.2748 30.7938
threshold=4.5000000000000009 71.225002288818374 1.0000000180025095e-35 1.0000000180025095e-35 0.46500000357627874 0.49500000476837164 11.500000000000002
decision_type=2 2 2 2 2 2 2
left_child=2 4 3 -1 6 -6 -2
right_child=1 -3 -4 -5 5 -7 -8
leaf_value=0.0035821543561045228 0.014173761958124706 -0.011942165338631832 0.041803978351522081 -0.010572078250205286 0.23791529067925044 0.039555618288122339 0.05124602701984534
leaf_count=2494 3353 990 242 9984 21 367 357
internal_value=0 0.120397 -0.0566701 -0.0645254 0.173525 0.419096 0.147842
internal_count=17808 5088 12720 12478 4098 388 3710
shrinkage=0.12


Tree=3
num_leaves=8
num_cat=0
split_feature=0 0 0 2 8 1 2
split_gain=945.04 180.633 358.919 358.796 141.438 116.213 199.807
threshold=5.5000000000000009 1.0000000180025095e-35 1.5000000000000002 10.500000000000002 37.424999237060554 5.5000000000000009 7.5000000000000009
decision_type=2 2 2 2 2 2 2
left_child=1 -1 3 5 -5 -3 -7
right_child=-2 2 -4 4 -6 6 -8
leaf_value=0.022699104898116166 -0.011829020338749639 0.096212424266338345 0.036216745363934988 0.23300267837264321 0.50538740721154718 0.14069616585969924 0.54696938688988272
leaf_count=850 15302 600 848 66 47 72 23
internal_value=0 0.563898 0.756245 1.23318 2.8858 0.964483 1.99214
internal_count=17808 2506 1656 808 113 695 95
shrinkage=0.12


Tree=4
num_leaves=8
num_cat=0
split_feature=1 8 6 8 8 2 2
split_gain=85.6922 44.15 31.901 23.2272 48.5414 22.3947 32.1339
threshold=4.5000000000000009 65.915000915527358 1.0000000180025095e-35 33.495000839233406 29.285000801086429 2.5000000000000004 4.5000000000000009
decision_type=2 2 2 2 2 2 2
left_child=2 5 -1 4 -4 -2 -7
right_child=1 -3 3 -5 -6 6 -8
leaf_value=-0.0066665529680760317 0.0032134625917058356 -0.0049482885788215761 -0.012812128999958866 -0.015580793157219885 0.12002792962135807 0.043878957781743305 0.016073180852660341
leaf_count=12478 892 1469 69 80 93 887 1840
internal_value=0 0.104974 -0.0485804 0.311023 0.528733 0.164322 0.209312
internal_count=17808 5088 12720 242 162 3619 2727
shrinkage=0.12


Tree=5
num_leaves=8
num_cat=0
split_feature=0 0 1 2 1 2 2
split_gain=851.318 390 239.157 425.434 196.919 98.3305 89.4521
threshold=3.5000000000000004 1.0000000180025095e-35 5.5000000000000009 9.5000000000000018 1.0000000180025095e-35 7.5000000000000009 3.5000000000000004
decision_type=2 2 2 2 2 2 2
left_child=1 -1 4 -4 5 6 -3
right_child=-2 2 3 -5 -6 -7 -8
leaf_value=0.024668672932705409 -0.0079303341583101365 0.34564188231121407 0.18391576990485189 0.74878340721130365 0.086207409006446897 0.44478853917121886 0.092085759779986204
leaf_count=852 16124 33 96 24 598 30 51
internal_value=0 0.68113 1.16812 2.47408 0.948013 2.1525 1.59748
internal_count=17808 1684 832 120 712 114 84
shrinkage=0.12


Tree=6
num_leaves=8
num_cat=0
split_feature=0 0 8 8 8 7 8
split_gain=659.26 302.016 187.592 203.402 122.982 88.2376 82.1919
threshold=3.5000000000000004 1.0000000180025095e-35 47.565000534057624 45.565000534057624 75.204998016357436 0.55500000715255748 29.285000801086429
decision_type=2 2 2 2 2 2 2
left_child=1 -1 3 5 -4 6 -3
right_child=-2 2 4 -5 -6 -7 -8
leaf_value=0.021708432415001828 -0.0069786939301064331 0.086475697912667931 0.051675851778960044 0.48707996804138709 0.34965461543628146 -0.087895957231521604 0.20934769662371669
leaf_count=852 16124 114 397 29 21 20 251
internal_value=0 0.599394 1.02794 1.50507 0.555384 1.3127 1.42476
internal_count=17808 1684 832 414 418 385 365
shrinkage=0.12


Tree=7
num_leaves=8
num_cat=0
split_feature=0 1 0 2 8 8 8
split_gain=518.971 183.72 105.267 125.292 182.455 96.2672 80.5433
threshold=5.5000000000000009 5.5000000000000009 1.0000000180025095e-35 9.5000000000000018 41.194999694824226 76.49499893188478 50.114999771118171
decision_type=2 2 2 2 2 2 2
left_child=1 5 -3 6 -5 -1 -4
right_child=-2 2 3 4 -6 -7 -8
leaf_value=0.034590504798631933 -0.0079304402237838547 0.042128826995049752 0.2162289718862461 0.11101719379425048 0.60552389274943963 0.24111109989610582 0.057868664170945841
leaf_count=2155 15268 124 92 21 22 33 93
internal_value=0 0.422083 1.09261 1.4959 3.03351 0.314211 1.13851
internal_count=17808 2540 352 228 43 2188 185
shrinkage=0.12


Tree=8
num_leaves=8
num_cat=0
split_feature=0 0 1 2 1 2 2
split_gain=419.313 221.394 144.896 314.445 152.829 73.4442 66.0331
threshold=3.5000000000000004 1.0000000180025095e-35 5.5000000000000009 8.5000000000000018 1.0000000180025095e-35 7.5000000000000009 3.5000000000000004
decision_type=2 2 2 2 2 2 2
left_child=1 -1 4 -4 5 6 -3
right_child=-2 2 3 -5 -6 -7 -8
leaf_value=0.014355506804627431 -0.0055768021235126503 0.28286252466115086 0.1062271671894599 0.54549318130128088 0.056549326807282314 0.36932773437723515 0.065011388133553893
leaf_count=852 16124 33 88 32 598 30 51
internal_value=0 0.477935 0.844853 1.86137 0.67353 1.73464 1.25496
internal_count=17808 1684 832 120 712 114 84
shrinkage=0.12


Tree=9
num_leaves=8
num_cat=0
split_feature=0 0 0 8 8 2 8
split_gain=327.619 67.8285 139.972 132.39 154.381 96.6233 140.413
threshold=5.5000000000000009 1.0000000180025095e-35 3.5000000000000004 47.565000534057624 45.565000534057624 7.5000000000000009 70.805000305175795
decision_type=2 2 2 2 2 2 2
left_child=1 -1 3 4 -3 -5 -7
right_child=-2 2 -4 5 -6 6 -8
leaf_value=0.012632845102901189 -0.0063095709548778552 0.11720373230979039 0.020098853116837619 -0.0054824434191107271 0.4043142929570428 0.055649850070476528 0.32599688713891162
leaf_count=852 15268 385 856 251 29 132 35
internal_value=0 0.335288 0.451386 0.743471 1.14429 0.346483 0.935912
internal_count=17808 2540 1688 832 414 418 167
shrinkage=0.12


Tree=10
num_leaves=8
num_cat=0
split_feature=0 1 0 2 2 0 1
split_gain=304.819 207.407 218.503 124.77 105.643 203.752 77.4704
threshold=3.5000000000000004 1.0000000180025095e-35 1.0000000180025095e-35 7.5000000000000009 10.500000000000002 1.0000000180025095e-35 3.5000000000000004
decision_type=2 2 2 2 2 2 2
left_child=1 2 -1 -4 6 -6 -3
right_child=-2 4 3 -5 5 -7 -8
leaf_value=0.041496437989896343 -0.0052956407468657219 -0.012920503665920898 0.1901556626955668 0.46406326448216156 -0.0095705330024645156 0.22797682050296239 0.047373946053844887
leaf_count=124 16133 601 81 34 103 105 627
internal_value=0 0.404061 1.26661 2.25948 0.260504 0.919543 0.148875
internal_count=17808 1675 239 115 1436 208 1228
shrinkage=0.12


Tree=11
num_leaves=8
num_cat=0
split_feature=0 1 0 2 2 0 1
split_gain=236.052 160.616 169.208 97.1844 81.8102 157.785 59.9931
threshold=3.5000000000000004 1.0000000180025095e-35 1.0000000180025095e-35 9.5000000000000018 10.500000000000002 1.0000000180025095e-35 3.5000000000000004
decision_type=2 2 2 2 2 2 2
left_child=1 2 -1 -4 6 -6 -3
right_child=-2 4 3 -5 5 -7 -8
leaf_value=0.036516865703367422 -0.0046601641093525241 -0.011370043064066256 0.18494679346680643 0.46540987795049493 -0.0084220681144195845 0.20061960350615637 0.041689072502999781
leaf_count=124 16133 601 93 22 103 105 627
internal_value=0 0.355574 1.11462 1.98834 0.229243 0.809198 0.13101
internal_count=17808 1675 239 115 1436 208 1228
shrinkage=0.12


Tree=12
num_leaves=8
num_cat=0
split_feature=1 2 2 8 8 8 2
split_gain=49.2379 45.0251 38.5984 29.1873 160.816 27.2378 83.451
threshold=4.5000000000000009 4.5000000000000009 2.5000000000000004 47.565000534057624 47.055000305175788 41.405000686645515 3.5000000000000004
decision_type=2 2 2 2 2 2 2
left_child=-1 2 -2 4 -3 -4 -7
right_child=1 3 5 -5 -6 6 -8
leaf_value=-0.0041785675005798556 0.0066599882633376498 0.012166890663604666 0.020431831062229632 -0.0046570631763629706 0.32818904548883437 0.14490456081750824 0.03216601578287176
leaf_count=12712 878 685 459 2553 24 127 370
internal_value=0 0.0815204 0.206879 0.0110397 0.190537 0.345908 0.50812
internal_count=17808 5096 1834 3262 709 956 497
shrinkage=0.12


Tree=13
num_leaves=8
num_cat=0
split_feature=1 2 8 8 3 1 3
split_gain=38.1298 34.8674 32.3339 26.3159 22.1255 21.871 57.9189
threshold=4.5000000000000009 4.5000000000000009 58.18499946594239 31.035000801086429 1.0000000180025095e-35 1.0000000180025095e-35 1.0000000180025095e-35
decision_type=2 2 2 2 2 2 2
left_child=5 2 -2 -3 -4 6 -1
right_child=1 3 4 -5 -6 -7 -8
leaf_value=0.0025329273224267324 0.017056626730136724 0.047566070713682795 0.095646921623320807 -0.0013378758096829755 -0.025937383037347061 -0.0061686891739554904 0.09397105872631073
leaf_count=2443 1682 167 126 3095 26 10165 104
internal_value=0 0.071738 0.182054 0.00971492 0.623747 -0.0306428 0.0522213
internal_count=17808 5096 1834 3262 152 12712 2547
shrinkage=0.12


Tree=14
num_leaves=8
num_cat=0
split_feature=0 1 0 0 2 2 1
split_gain=186.75 71.6289 74.3909 136.279 76.6583 84.0521 49.5717
threshold=5.5000000000000009 1.0000000180025095e-35 1.5000000000000002 1.0000000180025095e-35 7.5000000000000009 3.5000000000000004 5.5000000000000009
decision_type=2 2 2 2 2 2 2
left_child=1 2 3 -1 5 -5 -3
right_child=-2 6 -4 4 -6 -7 -8
leaf_value=0.031889875978231431 -0.0051335405093844017 0.013685781529037769 0.0066333165222948248 0.28897870381389346 0.36460240655085618 0.041030960003534948 0.062981456141186581
leaf_count=124 15286 1801 132 35 34 45 351
internal_value=0 0.250931 0.657366 0.991298 1.78049 1.2459 0.181051
internal_count=17808 2522 370 238 114 80 2152
shrinkage=0.12


Tree=15
num_leaves=8
num_cat=0
split_feature=1 8 2 7 8 8 8
split_gain=69.3551 43.6493 33.5835 36.2257 22.003 20.0575 21.1379
threshold=4.5000000000000009 50.895000457763679 4.5000000000000009 0.36500000953674322 41.405000686645515 35.30999946594239 35.085000991821296
decision_type=2 2 2 2 2 2 2
left_child=5 4 3 -3 -2 6 -1
right_child=1 2 -4 -5 -6 -7 -8
leaf_value=0.0030265945032167665 0.015553547630701249 0.022840524321814444 -0.0038497844466385037 0.14871074713565208 0.040262928480384548 -0.0073193653884646862 0.081824331200122821
leaf_count=2508 1609 299 2358 37 766 10181 50
internal_value=0 0.0971935 0.010065 0.305844 0.196025 -0.0411051 0.0380568
internal_count=17808 5069 2694 336 2375 12739 2558
shrinkage=0.12


Tree=16
num_leaves=8
num_cat=0
split_feature=0 1 0 8 8 0 8
split_gain=110.174 178.736 109.787 118.611 374.181 78.9075 72.8315
threshold=5.5000000000000009 5.5000000000000009 1.0000000180025095e-35 50.114999771118171 46.085000991821296 3.5000000000000004 34.114999771118171
decision_type=2 2 2 2 2 2 2
left_child=1 -1 -3 4 5 6 -4
right_child=-2 2 3 -5 -6 -7 -8
leaf_value=0.010122224381327243 -0.0040104033510654094 0.0120387692962374 0.40497975484891369 0.057652745996202744 0.69263355347460931 0.026590889570664387 0.12135015349835157
leaf_count=2159 15294 126 22 105 21 49 32
internal_value=0 0.192473 0.850034 1.26254 1.9248 1.14043 1.97419
internal_count=17808 2514 355 229 124 103 54
shrinkage=0.12


Tree=17
num_leaves=8
num_cat=0
split_feature=0 1 0 8 8 0 8
split_gain=85.3185 138.413 85.019 91.8527 289.765 61.106 56.4007
threshold=5.5000000000000009 5.5000000000000009 1.0000000180025095e-35 50.114999771118171 46.085000991821296 3.5000000000000004 34.114999771118171
decision_type=2 2 2 2 2 2 2
left_child=1 -1 -3 4 5 6 -4
right_child=-2 2 3 -5 -6 -7 -8
leaf_value=0.0089075579799301041 -0.0035291544908914157 0.01059411727246784 0.3563821815360676 0.050734415292739865 0.60951752628598888 0.023399980749402728 0.10678813952486961
leaf_count=2159 15294 126 22 105 21 49 32
internal_value=0 0.169376 0.74803 1.11103 1.69382 1.00358 1.73729
internal_count=17808 2514 355 229 124 103 54
shrinkage=0.12


Tree=18
num_leaves=8
num_cat=0
split_feature=0 1 8 8 8 8 8
split_gain=66.0706 107.187 66.0507 137.14 175.929 103.328 69.0667
threshold=5.5000000000000009 5.5000000000000009 54.854999542236335 47.284999847412116 50.114999771118171 43.114999771118171 38.774999618530281
decision_type=2 2 2 2 2 2 2
left_child=1 -1 3 5 -5 6 -3
right_child=-2 2 -4 4 -6 -7 -8
leaf_value=0.0078386511692657354 -0.0031056560054509115 0.066801581928285489 0.013697852405318378 0.52805571913719174 0.092161553502082827 -0.1704271763951882 0.29411253690719602
leaf_count=2159 15294 118 137 24 30 23 23
internal_value=0 0.149051 0.658266 1.00021 2.38244 0.545089 0.865672
internal_count=17808 2514 355 218 54 164 141
shrinkage=0.12


Tree=19
num_leaves=8
num_cat=0
split_feature=0 1 0 8 8 0 8
split_gain=51.1651 83.0058 64.781 59.9754 312.84 46.4472 57.0442
threshold=5.5000000000000009 5.5000000000000009 1.0000000180025095e-35 52.204999923706062 47.284999847412116 3.5000000000000004 34.114999771118171
decision_type=2 2 2 2 2 2 2
left_child=1 -1 -3 4 5 6 -4
right_child=-2 2 3 -5 -6 -7 -8
leaf_value=0.0068980127461893016 -0.002732977360229765 0.00040571098348924094 0.30560011072592302 0.037786863863468169 0.58539555345262806 -0.0024625658071958101 0.0576123881252373
leaf_count=2159 15294 126 22 100 21 52 34
internal_value=0 0.131165 0.579274 0.896141 1.34672 0.660029 1.29197
internal_count=17808 2514 355 229 129 108 56
shrinkage=0.12


end of trees

feature importances:
Column_8=42
Column_0=38
Column_2=27
Column_1=25
Column_7=4
Column_3=2
Column_6=2

parameters:
[boosting: gbdt]
[objective: regression]
[metric: rmse]
[tree_learner: serial]
[device_type: cpu]
[data: ]
[valid: ]
[num_iterations: 100]
[learning_rate: 0.12]
[num_leaves: 8]
[num_threads: 0]
[max_depth: -1]
[min_data_in_leaf: 20]
[min_sum_hessian_in_leaf: 0.001]
[bagging_fraction: 0.8]
[bagging_freq: 5]
[bagging_seed: 3]
[feature_fraction: 0.9]
[feature_fraction_seed: 2]
[early_stopping_round: 0]
[max_delta_step: 0]
[lambda_l1: 0]
[lambda_l2: 0]
[min_gain_to_split: 0]
[drop_rate: 0.1]
[max_drop: 50]
[skip_drop: 0.5]
[xgboost_dart_mode: 0]
[uniform_drop: 0]
[drop_seed: 4]
[top_rate: 0.2]
[other_rate: 0.1]
[min_data_per_group: 100]
[max_cat_threshold: 32]
[cat_l2: 10]
[cat_smooth: 10]
[max_cat_to_onehot: 4]
[top_k: 20]
[monotone_constraints: ]
[feature_contri: ]
[forcedsplits_filename: ]
[refit_decay_rate: 0.9]
[verbosity: 0]
[max_bin: 255]
[min_data_in_bin: 3]
[bin_construct_sample_cnt: 200000]
[histogram_pool_size: -1]
[data_random_seed: 1]
[output_model: LightGBM_model.txt]
[snapshot_freq: -1]
[input_model: ]
[output_result: LightGBM_predict_result.txt]
[initscore_filename: ]
[valid_data_initscores: ]
[pre_partition: 0]
[enable_bundle: 1]
[max_conflict_rate: 0]
[is_enable_sparse: 1]
[sparse_threshold: 0.8]
[use_missing: 1]
[zero_as_missing: 0]
[two_round: 0]
[save_binary: 0]
[enable_load_from_binary_file: 1]
[header: 0]
[label_column: ]
[weight_column: ]
[group_column: ]
[ignore_column: ]
[categorical_feature: ]
[predict_raw_score: 0]
[predict_leaf_index: 0]
[predict_contrib: 0]
[num_iteration_predict: -1]
[pred_early_stop: 0]
[pred_early_stop_freq: 10]
[pred_early_stop_margin: 10]
[convert_model_language: ]
[convert_model: gbdt_prediction.cpp]
[num_class: 1]
[is_unbalance: 0]
[scale_pos_weight: 1]
[sigmoid: 1]
[boost_from_average: 1]
[reg_sqrt: 0]
[alpha: 0.9]
[fair_c: 1]
[poisson_max_delta_step: 0.7]
[tweedie_variance_power: 1.5]
[max_position: 20]
[label_gain: ]
[metric_freq: 1]
[is_provide_training_metric: 0]
[eval_at: ]
[num_machines: 1]
[local_listen_port: 12400]
[time_out: 120]
[machine_list_filename: ]
[machines: ]
[gpu_platform_id: -1]
[gpu_device_id: -1]
[gpu_use_dp: 0]

end of parameters

pandas_categorical:null
