tree
version=v2
num_class=1
num_tree_per_iteration=1
label_index=0
max_feature_idx=8
objective=regression
feature_names=Column_0 Column_1 Column_2 Column_3 Column_4 Column_5 Column_6 Column_7 Column_8
feature_infos=[0:23] [0:6] [1:12] [0:2] none [0:1] [0:1] [0:1] [-10.140000343322754:95.930000305175781]
tree_sizes=706 721 711 726 712 722 727 723 726 733 723 723 723 722 732 702 722 718 716 720

Tree=0
num_leaves=8
num_cat=0
split_feature=0 8 2 8 0 2 2
split_gain=8230.3 3930.65 1031.04 1296.26 913.407 746.797 641.536
threshold=1.0000000180025095e-35 48.444999694824226 11.500000000000002 14.305000305175783 21.500000000000004 11.500000000000002 2.5000000000000004
decision_type=2 2 2 2 2 2 2
left_child=-1 2 3 -2 5 -3 -5
right_child=1 4 -4 6 -6 -7 -8
leaf_value=2.7170244076366172 2.6562653462656343 2.2348188361532406 2.4810370722064183 2.3880074551215316 2.3719635239287795 2.6284656421437234 2.3064670322214136
leaf_count=722 194 8079 1036 2402 808 70 3296
internal_value=0 -0.165352 0.400257 0.238493 -0.602835 -0.70339 0.151945
internal_count=16607 15885 6928 5892 8957 8149 5698
shrinkage=1


Tree=1
num_leaves=8
num_cat=0
split_feature=0 8 1 0 1 0 2
split_gain=6373.55 3043.9 1555.91 1290.79 755.013 707.342 578.319
threshold=1.0000000180025095e-35 48.444999694824226 4.5000000000000009 11.500000000000002 5.5000000000000009 21.500000000000004 11.500000000000002
decision_type=2 2 2 2 2 2 2
left_child=4 2 3 -2 -1 6 -3
right_child=1 5 -4 -5 -6 -7 -8
leaf_value=0.39686029710692744 -0.067884960286854867 -0.07725364728085489 0.1309415180739818 0.057185179607254832 0.044545310665579402 0.043433686663018597 0.26915555354527065
leaf_count=620 2017 8079 2019 2892 102 808 70
internal_value=0 -0.14551 0.352226 0.0483051 2.89239 -0.530495 -0.618983
internal_count=16607 15885 6928 4909 722 8957 8149
shrinkage=0.12


Tree=2
num_leaves=8
num_cat=0
split_feature=8 2 1 1 8 2 8
split_gain=2663.34 962.442 1163.48 862.815 485.958 459.581 983.81
threshold=43.094999313354499 11.500000000000002 3.5000000000000004 4.5000000000000009 45.085000991821296 11.500000000000002 12.235000133514406
decision_type=2 2 2 2 2 2 2
left_child=3 -2 -3 5 -4 6 -1
right_child=1 2 4 -5 -6 -7 -8
leaf_value=0.40572833868828445 -0.041446164925479027 -0.086166616138574237 0.055785238623619081 0.13523510287007626 0.73604830653917397 0.12330930918326108 0.0059263269382624165
leaf_count=91 10555 74 20 1708 62 693 3404
internal_value=0 -0.308942 2.15675 0.527942 4.75109 0.283643 0.136134
internal_count=16607 10711 156 5896 82 4188 3495
shrinkage=0.12


Tree=3
num_leaves=8
num_cat=0
split_feature=0 8 1 0 1 0 1
split_gain=4922.93 1873.13 1126.9 1060.84 596.596 580.109 515.591
threshold=1.0000000180025095e-35 49.954999923706062 4.5000000000000009 11.500000000000002 5.5000000000000009 21.500000000000004 1.0000000180025095e-35
decision_type=2 2 2 2 2 2 2
left_child=4 2 3 -2 6 -3 -1
right_child=1 5 -4 -5 -6 -7 -8
leaf_value=0.10428634237317205 -0.065894549816967685 -0.063088590155892674 0.10277403130003664 0.044464527079003835 0.036274719886920027 0.046027784124886478 0.39829883060153259
leaf_count=103 2127 7795 2135 3057 102 771 517
internal_value=0 -0.12648 0.245016 -0.0067992 2.54342 -0.443895 2.91212
internal_count=16607 15885 7319 5184 722 8566 620
shrinkage=0.12


Tree=4
num_leaves=8
num_cat=0
split_feature=8 2 1 1 8 8 2
split_gain=1771.86 1150.12 892.235 420.433 334.091 293.751 441.768
threshold=39.335000991821296 11.500000000000002 2.5000000000000004 4.5000000000000009 45.085000991821296 14.305000305175783 11.500000000000002
decision_type=2 2 2 2 2 2 2
left_child=3 -2 -3 5 -4 -1 -7
right_child=1 2 4 -5 -6 6 -8
leaf_value=0.19276380578914801 -0.03189850873086475 -0.080986888421618428 0.23392077240132794 0.11562241427280158 0.56992434589486374 0.0089378226828281671 0.12379249176808764
leaf_count=167 11510 92 97 1396 76 2681 588
internal_value=0 -0.218399 1.84131 0.500746 3.17941 0.312728 0.246641
internal_count=16607 11775 265 4832 173 3436 3269
shrinkage=0.12


Tree=5
num_leaves=8
num_cat=0
split_feature=0 0 8 2 1 8 1
split_gain=4112.25 1168.03 1015.68 583.106 390.154 343.002 613.663
threshold=1.0000000180025095e-35 21.500000000000004 31.425000190734867 11.500000000000002 5.5000000000000009 45.085000991821296 4.5000000000000009
decision_type=2 2 2 2 2 2 2
left_child=-1 2 4 -4 -2 -5 -7
right_child=1 -3 3 5 -6 6 -8
leaf_value=0.27567718745165165 0.034073876701484478 0.081690559794255421 -0.043884630736004598 0.035101947994962815 0.19476885934390367 0.083988317572756821 0.70370861283080144
leaf_count=739 1773 1649 11624 465 248 76 33
internal_value=0 -0.115938 -0.208331 -0.31712 0.448275 0.666781 2.26342
internal_count=16607 15868 14219 12198 2021 574 109
shrinkage=0.12


Tree=6
num_leaves=8
num_cat=0
split_feature=0 8 7 0 2 8 2
split_gain=3184.52 914.643 757.277 672.118 472.808 468.208 281.773
threshold=1.0000000180025095e-35 33.114999771118171 0.32500000298023229 21.500000000000004 11.500000000000002 30.404999732971195 3.5000000000000004
decision_type=2 2 2 2 2 2 2
left_child=-1 2 -2 4 6 -4 -3
right_child=1 3 5 -5 -6 -7 -8
leaf_value=0.24259593048488345 0.039474556624433541 -0.00083246540296899292 0.78634410405158994 0.057102429805371467 0.079083112120548291 0.19308923103899325 -0.0487524338220649
leaf_count=739 2677 2191 30 1281 506 53 9130
internal_value=0 -0.102025 0.421188 -0.212192 -0.286715 3.39599 -0.328986
internal_count=16607 15868 2760 13108 11827 83 11321
shrinkage=0.12


Tree=7
num_leaves=8
num_cat=0
split_feature=0 0 8 7 1 8 1
split_gain=2466.1 770.021 488.322 514.722 472.244 545.149 347.188
threshold=1.0000000180025095e-35 19.500000000000004 31.425000190734867 0.32500000298023229 5.5000000000000009 42.145000457763679 4.5000000000000009
decision_type=2 2 2 2 2 2 2
left_child=-1 2 3 -2 -3 -6 -4
right_child=1 4 6 -5 5 -7 -8
leaf_value=0.2134844172373162 0.024561750546432129 0.022360356316093764 -0.047316431570477345 0.4768767201981029 0.31853533638735948 0.051289102308709041 0.0006964085291975711
leaf_count=739 1738 2839 7780 37 177 290 3007
internal_value=0 -0.089782 -0.202791 0.283252 0.339624 1.2715 -0.282769
internal_count=16607 15868 12562 1775 3306 467 10787
shrinkage=0.12


Tree=8
num_leaves=8
num_cat=0
split_feature=0 0 2 2 2 1 1
split_gain=1909.74 621.771 615.814 666.823 233.077 255.697 224.319
threshold=1.0000000180025095e-35 21.500000000000004 11.500000000000002 2.5000000000000004 11.500000000000002 1.0000000180025095e-35 5.5000000000000009
decision_type=2 2 2 2 2 2 2
left_child=4 2 3 -2 5 -1 -7
right_child=1 -3 -4 -5 -6 6 -8
leaf_value=-0.021691669713834235 0.030871647385721946 0.060271501978729401 0.072838181098590471 -0.03760246872185434 0.45252282325426735 0.22950808466177935 0.027863675837821147
leaf_count=87 2534 1649 1008 10677 45 513 94
internal_value=0 -0.0790082 -0.146419 -0.203904 1.56555 1.42255 1.65235
internal_count=16607 15868 14219 13211 739 694 607
shrinkage=0.12


Tree=9
num_leaves=8
num_cat=0
split_feature=0 0 8 8 2 0 2
split_gain=1478.91 503.41 391.582 358.755 303.432 213.061 196.289
threshold=1.0000000180025095e-35 19.500000000000004 42.145000457763679 18.384999275207523 11.500000000000002 12.500000000000002 2.5000000000000004
decision_type=2 2 2 2 2 2 2
left_child=-1 3 -3 6 5 -5 -2
right_child=1 2 -4 4 -6 -7 -8
leaf_value=0.16532233072694325 0.16911072391277068 0.088247581986656609 0.0022680468789555808 -0.043347504265028453 0.048024697405736921 -0.010480778349123927 -0.015830276353623381
leaf_count=739 221 1194 2112 6009 814 5386 132
internal_value=0 -0.0695272 0.277671 -0.160901 -0.189636 -0.231772 0.832953
internal_count=16607 15868 3306 12562 12209 11395 353
shrinkage=0.12


Tree=10
num_leaves=8
num_cat=0
split_feature=0 1 0 0 1 2 7
split_gain=1459 571.94 1032.68 854.963 418.857 356.769 384.521
threshold=1.0000000180025095e-35 4.5000000000000009 10.500000000000002 9.5000000000000018 5.5000000000000009 11.500000000000002 0.44499999284744268
decision_type=2 2 2 2 2 2 2
left_child=4 2 -2 5 -1 6 -3
right_child=1 3 -4 -5 -6 -7 -8
leaf_value=0.20168458473419165 -0.07431123147484256 0.077633035475654255 0.0030400247113400651 -0.0025043606629459154 -0.056026204294472366 0.34751505288515194 0.35255692140965522
leaf_count=634 3672 1008 7691 3328 106 89 79
internal_value=0 -0.0634386 -0.18297 0.238122 1.37308 0.971053 0.813448
internal_count=16607 15867 11363 4504 740 1176 1087
shrinkage=0.12


Tree=11
num_leaves=8
num_cat=0
split_feature=0 8 0 1 1 2 8
split_gain=1129.85 444.371 400.269 809.485 345.864 628.487 1032.33
threshold=1.0000000180025095e-35 26.275000572204593 12.500000000000002 4.5000000000000009 5.5000000000000009 2.5000000000000004 19.185000419616703
decision_type=2 2 2 2 2 2 2
left_child=-1 4 3 -3 -2 6 -6
right_child=1 2 -4 -5 5 -7 -8
leaf_value=0.14499694401871513 0.038077839164558897 -0.063703980924133957 0.004055361171999481 0.034300828139245156 0.067056929326057432 -0.053339618281884625 0.87938840319470657
leaf_count=740 1090 4338 8597 1685 50 66 41
internal_value=0 -0.0558259 -0.104701 -0.302384 0.517189 1.90485 3.60877
internal_count=16607 15867 14620 6023 1247 157 91
shrinkage=0.12


Tree=12
num_leaves=8
num_cat=0
split_feature=8 1 8 2 1 8 1
split_gain=418.035 264.046 409.29 195.216 423.225 167.15 133.384
threshold=42.850000381469734 1.0000000180025095e-35 5.7500000000000009 11.500000000000002 4.5000000000000009 88.189998626708999 4.5000000000000009
decision_type=2 2 2 2 2 2 2
left_child=1 2 -1 5 -5 -2 -3
right_child=3 6 -4 4 -6 -7 -8
leaf_value=0.40991392197280097 -0.018214630985133578 0.022544845870786982 -0.048260433734579604 -0.027102041926580604 0.39458354877975749 0.085435362663852071 0.064049218209711822
leaf_count=29 10348 3281 881 97 53 229 1689
internal_value=0 0.214738 -0.280494 -0.117023 1.01578 -0.133088 0.305414
internal_count=16607 5880 910 10727 150 10577 4970
shrinkage=0.12


Tree=13
num_leaves=8
num_cat=0
split_feature=8 1 8 2 7 1 2
split_gain=323.727 204.477 316.954 170.026 351.459 229.509 216.53
threshold=42.850000381469734 1.0000000180025095e-35 5.7500000000000009 9.5000000000000018 0.99500000476837169 2.5000000000000004 8.5000000000000018
decision_type=2 2 2 2 2 2 2
left_child=1 2 -1 6 -5 -6 -2
right_child=3 -3 -4 4 5 -7 -8
leaf_value=0.36072425035567118 -0.011927634424474349 0.032251693377840951 -0.042469182669033927 0.010273695360934683 0.045835538903872174 0.45652092068694355 -0.068123329023643334
leaf_count=29 7870 4970 881 1649 36 43 1129
internal_value=0 0.188969 -0.246835 -0.10298 0.184326 2.24478 -0.158149
internal_count=16607 5880 910 10727 1728 79 8999
shrinkage=0.12


Tree=14
num_leaves=8
num_cat=0
split_feature=0 0 1 1 0 0 8
split_gain=870.662 379.372 331.264 275.996 731.774 611.838 559.852
threshold=1.0000000180025095e-35 21.500000000000004 5.5000000000000009 4.5000000000000009 9.5000000000000018 7.5000000000000009 25.345000267028812
decision_type=2 2 2 2 2 2 2
left_child=2 3 -1 5 6 -2 -5
right_child=1 -3 -4 4 -6 -7 -8
leaf_value=0.16010109113264911 -0.085660039544888947 0.048445240597481745 -0.069084053450035598 0.31223142821039701 -0.018546376519862719 -0.0089926622526863027 0.062602913152093098
leaf_count=634 1826 1657 106 148 2840 8368 1028
internal_value=0 -0.0491049 1.0606 -0.101907 0.120133 -0.189381 0.78349
internal_count=16607 15867 740 14210 4016 10194 1176
shrinkage=0.12


Tree=15
num_leaves=8
num_cat=0
split_feature=8 1 8 2 8 8 2
split_gain=252.682 211.33 239.372 1042.96 681.291 170.548 285.857
threshold=42.850000381469734 5.5000000000000009 24.954999923706058 2.5000000000000004 19.185000419616703 38.295000076293952 9.5000000000000018
decision_type=2 2 2 2 2 2 2
left_child=1 -1 3 4 -3 -4 -7
right_child=-2 2 5 -5 -6 6 -8
leaf_value=0.010236330880594738 -0.01156740981336587 0.21145074963569641 0.0046219207864740619 -0.1756978076102875 0.89717985607245387 0.027958608428769065 0.31730866489502096
leaf_count=5056 10733 54 460 59 34 133 78
internal_value=0 0.161596 0.63316 1.78891 3.96993 0.379963 1.12435
internal_count=16607 5874 818 147 88 671 211
shrinkage=0.12


Tree=16
num_leaves=8
num_cat=0
split_feature=0 0 1 8 8 8 2
split_gain=470.197 292.257 290.439 415.383 274.94 913.027 234.99
threshold=1.0000000180025095e-35 21.500000000000004 1.0000000180025095e-35 64.865001678466811 42.375000000000007 39.805000305175788 2.5000000000000004
decision_type=2 2 2 2 2 2 2
left_child=2 6 3 -1 5 -4 -2
right_child=1 -3 4 -5 -6 -7 -8
leaf_value=-0.21040698689009463 0.022667731334326563 0.043277846036265805 0.1445869144772069 0.39810266894102098 0.057674162118254518 0.90722308875024316 -0.017606890687145001
leaf_count=84 2539 1626 236 20 380 25 11697
internal_value=0 -0.0409914 0.771892 -0.778216 1.02339 1.81364 -0.0868657
internal_count=16607 15862 745 104 641 261 14236
shrinkage=0.12


Tree=17
num_leaves=8
num_cat=0
split_feature=0 0 1 8 1 8 8
split_gain=364.12 233.917 224.916 321.672 242.317 298.87 230.661
threshold=1.0000000180025095e-35 22.500000000000004 1.0000000180025095e-35 64.865001678466811 5.5000000000000009 61.315000534057624 59.155000686645515
decision_type=2 2 2 2 2 2 2
left_child=2 -2 3 -1 5 6 -4
right_child=1 -3 4 -5 -6 -7 -8
leaf_value=-0.18515813552375349 -0.0077091725734937389 0.058489842049846495 0.17588644050544416 0.35033036327362055 -0.065602497142188396 0.0058291212161501009 0.58518357217311856
leaf_count=84 15052 810 355 20 98 167 21
internal_value=0 -0.0360724 0.679265 -0.68483 0.900585 1.16179 1.65622
internal_count=16607 15862 745 104 641 543 376
shrinkage=0.12


Tree=18
num_leaves=8
num_cat=0
split_feature=0 7 0 1 8 2 8
split_gain=281.975 259.424 208.924 301.373 295.07 189.815 195.37
threshold=1.0000000180025095e-35 0.87500000000000011 19.500000000000004 5.5000000000000009 22.714999198913578 7.5000000000000009 31.98499965667725
decision_type=2 2 2 2 2 2 2
left_child=1 5 -2 -4 -5 -1 -7
right_child=2 -3 3 4 -6 6 -8
leaf_value=0.0096719667764192229 -0.010823352476299465 0.43689520094129775 0.0083284251737664877 0.56333120892941957 0.092232007727060195 -0.11188667597392429 0.17821585289942909
leaf_count=445 12595 27 2799 20 448 39 234
internal_value=0 0.597753 -0.0317437 0.193597 0.93637 0.483321 1.13977
internal_count=16607 745 15862 3267 468 718 273
shrinkage=0.12


Tree=19
num_leaves=8
num_cat=0
split_feature=0 0 1 0 8 8 2
split_gain=218.361 183.425 666.013 371.039 313.438 756.88 673.215
threshold=1.0000000180025095e-35 12.500000000000002 4.5000000000000009 9.5000000000000018 25.345000267028812 12.235000133514406 2.5000000000000004
decision_type=2 2 2 2 2 2 2
left_child=-1 2 -2 4 5 -4 -7
right_child=1 -3 3 -5 -6 6 -8
leaf_value=0.063122731947658842 -0.041922193661120467 0.007697154779625826 -0.21471501307991836 -0.02686414257054855 0.059423736987036589 0.65243617596993075 0.070003954978550179
leaf_count=745 4840 9152 39 698 1017 65 51
internal_value=0 -0.0279345 -0.153522 0.353331 0.697089 2.02176 3.30306
internal_count=16607 15862 6710 1870 1172 155 116
shrinkage=0.12


end of trees

feature importances:
Column_8=40
Column_0=37
Column_1=32
Column_2=26
Column_7=5

parameters:
[boosting: gbdt]
[objective: regression]
[metric: rmse]
[tree_learner: serial]
[device_type: cpu]
[data: ]
[valid: ]
[num_iterations: 100]
[learning_rate: 0.12]
[num_leaves: 8]
[num_threads: 0]
[max_depth: -1]
[min_data_in_leaf: 20]
[min_sum_hessian_in_leaf: 0.001]
[bagging_fraction: 0.8]
[bagging_freq: 5]
[bagging_seed: 3]
[feature_fraction: 0.9]
[feature_fraction_seed: 2]
[early_stopping_round: 0]
[max_delta_step: 0]
[lambda_l1: 0]
[lambda_l2: 0]
[min_gain_to_split: 0]
[drop_rate: 0.1]
[max_drop: 50]
[skip_drop: 0.5]
[xgboost_dart_mode: 0]
[uniform_drop: 0]
[drop_seed: 4]
[top_rate: 0.2]
[other_rate: 0.1]
[min_data_per_group: 100]
[max_cat_threshold: 32]
[cat_l2: 10]
[cat_smooth: 10]
[max_cat_to_onehot: 4]
[top_k: 20]
[monotone_constraints: ]
[feature_contri: ]
[forcedsplits_filename: ]
[refit_decay_rate: 0.9]
[verbosity: 0]
[max_bin: 255]
[min_data_in_bin: 3]
[bin_construct_sample_cnt: 200000]
[histogram_pool_size: -1]
[data_random_seed: 1]
[output_model: LightGBM_model.txt]
[snapshot_freq: -1]
[input_model: ]
[output_result: LightGBM_predict_result.txt]
[initscore_filename: ]
[valid_data_initscores: ]
[pre_partition: 0]
[enable_bundle: 1]
[max_conflict_rate: 0]
[is_enable_sparse: 1]
[sparse_threshold: 0.8]
[use_missing: 1]
[zero_as_missing: 0]
[two_round: 0]
[save_binary: 0]
[enable_load_from_binary_file: 1]
[header: 0]
[label_column: ]
[weight_column: ]
[group_column: ]
[ignore_column: ]
[categorical_feature: ]
[predict_raw_score: 0]
[predict_leaf_index: 0]
[predict_contrib: 0]
[num_iteration_predict: -1]
[pred_early_stop: 0]
[pred_early_stop_freq: 10]
[pred_early_stop_margin: 10]
[convert_model_language: ]
[convert_model: gbdt_prediction.cpp]
[num_class: 1]
[is_unbalance: 0]
[scale_pos_weight: 1]
[sigmoid: 1]
[boost_from_average: 1]
[reg_sqrt: 0]
[alpha: 0.9]
[fair_c: 1]
[poisson_max_delta_step: 0.7]
[tweedie_variance_power: 1.5]
[max_position: 20]
[label_gain: ]
[metric_freq: 1]
[is_provide_training_metric: 0]
[eval_at: ]
[num_machines: 1]
[local_listen_port: 12400]
[time_out: 120]
[machine_list_filename: ]
[machines: ]
[gpu_platform_id: -1]
[gpu_device_id: -1]
[gpu_use_dp: 0]

end of parameters

pandas_categorical:null
