tree
version=v2
num_class=1
num_tree_per_iteration=1
label_index=0
max_feature_idx=8
objective=regression
feature_names=Column_0 Column_1 Column_2 Column_3 Column_4 Column_5 Column_6 Column_7 Column_8
feature_infos=[0:23] [0:6] [1:12] [0:2] none [0:1] [0:1] [0:1] [-10.140000343322754:95.930000305175781]
tree_sizes=700 711 697 715 708 718 713 720 721 719 712 728 705 719 719 707 734 726 711 718

Tree=0
num_leaves=8
num_cat=0
split_feature=0 0 8 8 8 7 0
split_gain=10837.8 6071.38 5674.31 1746.18 1281.09 2412.71 833.489
threshold=2.5000000000000004 1.0000000180025095e-35 47.454999923706062 52.68499946594239 31.515000343322757 0.35500000417232519 6.5000000000000009
decision_type=2 2 2 2 2 2 2
left_child=1 -1 4 -3 5 -2 -4
right_child=2 3 6 -5 -6 -7 -8
leaf_value=3.0209694913676253 3.0474580434189114 3.6887626903229025 3.0170111686871981 3.294162876168528 2.9499972073555307 3.9773192710955088 2.8308034455087463
leaf_count=793 2014 366 361 289 4116 41 8416
internal_value=0 2.59235 -0.272918 4.84542 0.461867 1.1067 -0.789536
internal_count=16396 1448 14948 655 6171 2055 8777
shrinkage=1


Tree=1
num_leaves=8
num_cat=0
split_feature=0 0 8 1 1 8 0
split_gain=8392.83 4701.68 4401.5 2286.23 1685.39 1337.11 812
threshold=2.5000000000000004 1.0000000180025095e-35 49.784999847412116 4.5000000000000009 4.5000000000000009 42.98500061035157 7.5000000000000009
decision_type=2 2 2 2 2 2 2
left_child=1 -1 3 -2 5 -3 -4
right_child=2 4 6 -5 -6 -7 -8
leaf_value=0.077231463319792262 -0.00096758627795584908 0.88309316099958213 0.034976920486961521 0.15410545636733705 0.2160298202954806 0.466914135598961 -0.099091233481376786
leaf_count=793 4783 188 712 1918 195 272 7535
internal_value=0 2.28126 -0.240167 0.36182 4.26397 5.30837 -0.729304
internal_count=16396 1448 14948 6701 655 460 8247
shrinkage=0.12


Tree=2
num_leaves=8
num_cat=0
split_feature=8 8 7 2 8 1 1
split_gain=5140.58 1310.79 1736.11 990.112 2215.2 3182.61 602.688
threshold=49.784999847412116 31.515000343322757 0.5249999761581422 11.500000000000002 45.784999847412116 4.5000000000000009 5.5000000000000009
decision_type=2 2 2 2 2 2 2
left_child=1 2 -1 -3 6 -6 -5
right_child=-2 3 -4 4 5 -7 -8
leaf_value=0.13477932172954746 -0.063398156842754849 0.01802698482631792 1.1208240871905135 0.062242009892906111 0.16420166078209875 2.1184602234363554 0.4177389445826411
leaf_count=2326 8915 4514 26 485 30 20 80
internal_value=0 0.595858 1.214 0.312399 1.50273 7.88254 0.938149
internal_count=16396 7481 2352 5129 615 50 565
shrinkage=0.12


Tree=3
num_leaves=8
num_cat=0
split_feature=0 0 8 1 1 2 1
split_gain=6408.82 3703.79 2679.51 1257.62 1147.95 1040.28 1052
threshold=1.5000000000000002 1.0000000180025095e-35 41.534999847412116 4.5000000000000009 4.5000000000000009 11.500000000000002 3.5000000000000004
decision_type=2 2 2 2 2 2 2
left_child=1 -1 4 -3 -2 -4 -7
right_child=2 3 5 -5 -6 6 -8
leaf_value=0.066323371259178518 0.012352342111230314 0.56069539797227974 -0.064777466230277567 0.19278237978617352 0.14306533273986041 -0.094994555549696075 0.49146924907683714
leaf_count=793 3421 458 10008 189 1349 80 98
internal_value=0 2.00132 -0.20754 3.77685 0.410993 -0.497193 1.89908
internal_count=16396 1440 14956 647 4770 10186 178
shrinkage=0.12


Tree=4
num_leaves=8
num_cat=0
split_feature=8 1 8 2 8 2 8
split_gain=3335.14 1012.27 735.967 698.918 3433.07 1357.23 1040.87
threshold=49.784999847412116 4.5000000000000009 22.430000305175785 11.500000000000002 45.784999847412116 2.5000000000000004 34.895000457763679
decision_type=2 2 2 2 2 2 2
left_child=1 2 -1 5 -5 6 -3
right_child=-2 3 -4 4 -6 -7 -8
leaf_value=0.16072523536241573 -0.051008141049527077 0.33578382335503892 0.014367904205447569 0.18961444076288628 1.8096117310523987 0.0081967811774123801 0.052422401966719788
leaf_count=552 8915 450 4771 324 20 1045 319
internal_value=0 0.480426 0.246211 1.05815 2.365 0.810323 1.81865
internal_count=16396 7481 5323 2158 344 1814 769
shrinkage=0.12


Tree=5
num_leaves=8
num_cat=0
split_feature=0 0 2 2 8 1 2
split_gain=4630.12 2448.09 1487.77 1293.94 1118.07 970.34 892.444
threshold=2.5000000000000004 1.0000000180025095e-35 3.5000000000000004 9.5000000000000018 52.68499946594239 4.5000000000000009 10.500000000000002
decision_type=2 2 2 2 2 2 2
left_child=1 6 -2 -4 -3 -5 -1
right_child=2 4 3 5 -6 -7 -8
leaf_value=0.012163122322863571 0.042482864262532484 0.50637962891963806 -0.068904767119117985 -0.019802391391718372 0.18694595474117207 0.12802473033440179 0.3946635150673366
leaf_count=674 4048 390 7784 2239 265 895 101
internal_value=0 1.71963 -0.163782 -0.355766 3.14286 0.186781 0.516763
internal_count=16396 1430 14966 10918 655 3134 775
shrinkage=0.12


Tree=6
num_leaves=8
num_cat=0
split_feature=0 0 8 8 8 7 2
split_gain=3585.57 1895.8 1213.13 903.028 1380.83 874.366 811.815
threshold=2.5000000000000004 1.0000000180025095e-35 37.995000839233406 42.98500061035157 34.895000457763679 0.73500001430511486 11.500000000000002
decision_type=2 2 2 2 2 2 2
left_child=1 -1 -2 4 -3 -5 -4
right_child=2 3 6 5 -6 -7 -8
leaf_value=0.054570167443444652 0.040982000910061003 0.28824855794945919 -0.04264037495392433 0.16040408310675341 0.82987915158271786 0.95800472736358644 0.16012191551367508
leaf_count=775 3828 182 10846 344 108 21 292
internal_value=0 1.51327 -0.144128 2.76572 4.08299 1.71911 -0.311039
internal_count=16396 1430 14966 655 290 365 11138
shrinkage=0.12


Tree=7
num_leaves=8
num_cat=0
split_feature=0 2 2 7 0 8 0
split_gain=2860.61 1082.94 1052.9 1289.97 863.342 733.503 1015.29
threshold=6.5000000000000009 3.5000000000000004 9.5000000000000018 0.99500000476837169 21.500000000000004 43.475000381469734 1.5000000000000002
decision_type=2 2 2 2 2 2 2
left_child=5 -2 -3 4 -4 6 -1
right_child=1 2 3 -5 -6 -7 -8
leaf_value=0.30016875764379575 0.034804958332774076 -0.064227623654246002 -0.017134260504921731 0.47270768893035975 0.18734455073252321 0.066898785519223777 0.041720139653863085
leaf_count=608 3842 7360 2584 88 336 1236 342
internal_value=0 -0.163455 -0.331504 0.166975 0.0532901 1.06533 1.72606
internal_count=16396 14210 10368 3008 2920 2186 950
shrinkage=0.12


Tree=8
num_leaves=8
num_cat=0
split_feature=0 1 0 2 2 7 0
split_gain=2215.26 885.016 844.023 725.365 831.861 828.185 696.183
threshold=6.5000000000000009 4.5000000000000009 13.500000000000002 10.500000000000002 2.5000000000000004 0.14500000327825549 17.500000000000004
decision_type=2 2 2 2 2 2 2
left_child=-1 2 -2 4 -3 -5 -4
right_child=1 3 6 5 -6 -7 -8
leaf_value=0.11249901749621412 -0.077132452409100785 0.12546114783222975 0.04183958851648472 0.10105117386732908 -0.020650918639404405 0.538491335631886 -0.041316519643409329
leaf_count=2186 4219 707 2466 510 2719 71 3518
internal_value=0 -0.14384 -0.300236 0.254389 0.0791768 1.28756 -0.0587331
internal_count=16396 14210 10203 4007 3426 581 5984
shrinkage=0.12


Tree=9
num_leaves=8
num_cat=0
split_feature=0 8 2 2 7 0 8
split_gain=1818.93 790.973 667.57 770.473 963.394 680.307 542.021
threshold=7.5000000000000009 23.025000572204593 3.5000000000000004 9.5000000000000018 0.99500000476837169 21.500000000000004 61.014999389648445
decision_type=2 2 2 2 2 2 2
left_child=1 -1 6 -4 5 -5 -2
right_child=2 -3 3 4 -6 -7 -8
leaf_value=0.27866471665401527 0.019165545085958177 0.064824030586596901 -0.056813881433424786 -0.017029724432182859 0.41776639766991136 0.16520858747901782 0.38897983277666159
leaf_count=274 3561 2739 6928 2416 84 336 58
internal_value=0 0.702255 -0.157749 -0.293722 0.14533 0.0435025 0.209103
internal_count=16396 3013 13383 9764 2836 2752 3619
shrinkage=0.12


Tree=10
num_leaves=8
num_cat=0
split_feature=0 0 2 2 2 7 1
split_gain=1971.99 2417.22 1078.26 617.905 649.48 1044.67 555.503
threshold=1.5000000000000002 1.0000000180025095e-35 2.5000000000000004 3.5000000000000004 9.5000000000000018 0.085000000894069686 4.5000000000000009
decision_type=2 2 2 2 2 2 2
left_child=1 -1 -2 -3 6 -6 -5
right_child=2 3 -4 4 5 -7 -8
leaf_value=-0.0055965589922704513 0.05626750228165936 0.50343000666823146 -0.027686531535298185 0.24291337699890134 0.31878650631932981 1.2523546575307847 -0.10574907358615629
leaf_count=785 2684 172 12291 225 126 20 93
internal_value=0 1.12733 -0.105327 2.57632 1.9762 3.72227 1.17455
internal_count=16396 1421 14975 636 464 146 318
shrinkage=0.12


Tree=11
num_leaves=8
num_cat=0
split_feature=0 0 2 8 1 2 8
split_gain=1527.11 1871.9 835.005 576.805 532.898 513.199 502.902
threshold=1.5000000000000002 1.0000000180025095e-35 2.5000000000000004 57.094999313354499 1.0000000180025095e-35 11.500000000000002 16.505000114440922
decision_type=2 2 2 2 2 2 2
left_child=1 4 -2 -3 -1 -4 -7
right_child=2 3 5 -5 -6 6 -8
leaf_value=0.23251428489027351 0.049515400538609623 0.35603369947053831 -0.031799621757830798 0.11653848551982188 -0.046095304184430384 -0.25648089699123217 0.078855071958437883
leaf_count=116 2684 413 11256 223 669 69 966
internal_value=0 0.992047 -0.092688 2.26716 -0.0410414 -0.203035 0.470828
internal_count=16396 1421 14975 636 785 12291 1035
shrinkage=0.12


Tree=12
num_leaves=8
num_cat=0
split_feature=8 2 7 1 8 8 2
split_gain=877.252 630.176 839.696 569.134 629.741 1658.15 568.724
threshold=42.725000381469734 11.500000000000002 0.60500001907348644 5.5000000000000009 24.064999580383304 16.505000114440922 2.5000000000000004
decision_type=2 2 2 2 2 2 2
left_child=3 -2 -3 -1 5 -5 -7
right_child=1 2 -4 4 -6 6 -8
leaf_value=0.022667005855886314 -0.023824245562973516 0.081768339200101736 0.77628604340937823 -0.11395672970347934 0.086665359984996707 1.033027617931366 0.30683028161525727
leaf_count=4919 10505 131 31 54 688 44 24
internal_value=0 -0.168352 1.78892 0.316792 1.09351 3.1874 6.47269
internal_count=16396 10667 162 5729 810 122 68
shrinkage=0.12


Tree=13
num_leaves=8
num_cat=0
split_feature=2 2 7 2 1 6 8
split_gain=721.863 692.843 768.068 485.63 484.628 543.972 295.979
threshold=3.5000000000000004 10.500000000000002 0.99500000476837169 11.500000000000002 5.5000000000000009 1.0000000180025095e-35 61.495000839233406
decision_type=2 2 2 2 2 2 2
left_child=6 -2 4 -4 5 -3 -1
right_child=1 2 3 -5 -6 -7 -8
leaf_value=0.037658349244178935 -0.029382685718338603 -0.00055613595249683772 0.19288124140352009 0.82903528566989637 0.17043968025126283 0.46413728665661169 0.31286044705070942
leaf_count=4428 9638 1851 48 27 310 37 57
internal_value=0 -0.127731 0.368904 3.51581 0.261526 0.0712556 0.342966
internal_count=16396 11911 2273 75 2198 1888 4485
shrinkage=0.12


Tree=14
num_leaves=8
num_cat=0
split_feature=0 0 1 1 2 1 8
split_gain=1163.72 1453.52 490.293 584.897 994.226 459.829 541.39
threshold=1.5000000000000002 1.0000000180025095e-35 4.5000000000000009 3.5000000000000004 3.5000000000000004 4.5000000000000009 46.475000381469734
decision_type=2 2 2 2 2 2 2
left_child=1 -1 3 -3 -5 -2 -7
right_child=5 2 -4 4 -6 6 -8
leaf_value=-0.0053514437064955574 -0.022774866172016964 0.23171285940236167 0.077299502462540803 1.1394176348149776 0.32045523325333725 0.075704242732161559 -0.012217710056328421
leaf_count=785 10818 342 190 30 74 1721 2436
internal_value=0 0.865752 1.98937 2.56244 4.63912 -0.0811652 0.201517
internal_count=16396 1421 636 446 104 14975 4157
shrinkage=0.12


Tree=15
num_leaves=8
num_cat=0
split_feature=8 1 2 2 8 8 7
split_gain=489.752 506.338 438.409 754.687 722.716 2836.7 458.381
threshold=50.024999618530281 5.5000000000000009 9.5000000000000018 2.5000000000000004 24.064999580383304 19.500000000000004 0.60500001907348644
decision_type=2 2 2 2 2 2 2
left_child=1 -1 3 4 5 -3 -4
right_child=-2 2 6 -5 -6 -7 -8
leaf_value=0.0044535054679237041 -0.02439551383835252 -0.046930897105823863 0.16585198147787439 -0.085738182064114488 0.069800780181373867 1.4036959069371222 0.70913175702095033
leaf_count=6508 8786 55 328 357 308 30 24
internal_value=0 0.143256 0.770103 0.337998 1.29407 3.87546 1.69078
internal_count=16396 7610 1102 750 393 85 352
shrinkage=0.12


Tree=16
num_leaves=8
num_cat=0
split_feature=0 0 0 2 2 1 0
split_gain=558.111 488.688 514.298 476.456 430.516 394.068 347.375
threshold=7.5000000000000009 13.500000000000002 12.500000000000002 9.5000000000000018 2.5000000000000004 4.5000000000000009 1.0000000180025095e-35
decision_type=2 2 2 2 2 2 2
left_child=6 2 5 4 -3 -2 -1
right_child=1 3 -4 -5 -6 -7 -8
leaf_value=-0.02636915582804783 -0.050716098366081416 0.044001525891098112 -0.1319271493860823 0.058558320610161863 -0.028868927135536758 0.031109996620938812 0.065642486497138941
leaf_count=799 3021 1518 815 1741 5056 1178 2268
internal_value=0 -0.125855 -0.372434 0.0228333 -0.100354 -0.231336 0.347267
internal_count=16396 13329 5014 8315 6574 4199 3067
shrinkage=0.12


Tree=17
num_leaves=8
num_cat=0
split_feature=0 0 0 2 0 1 1
split_gain=432.202 378.44 398.273 374.989 322.072 563.716 305.166
threshold=7.5000000000000009 13.500000000000002 12.500000000000002 10.500000000000002 17.500000000000004 5.5000000000000009 4.5000000000000009
decision_type=2 2 2 2 2 2 2
left_child=-1 2 6 -3 -5 -6 -2
right_child=1 3 -4 4 5 -7 -8
leaf_value=0.036671411270964405 -0.044630172365634539 -0.0078187986540156091 -0.11609589172300933 0.14333883395655883 -0.033670203141443471 0.26043452660336952 0.027376795246665871
leaf_count=3067 3021 7161 815 463 579 112 1178
internal_value=0 -0.110753 -0.327742 0.0200933 0.549101 0.116662 -0.203576
internal_count=16396 13329 5014 8315 1154 691 4199
shrinkage=0.12


Tree=18
num_leaves=8
num_cat=0
split_feature=2 2 0 8 7 8 8
split_gain=372.614 460.16 505.677 510.466 418.747 426.056 407.919
threshold=2.5000000000000004 9.5000000000000018 2.5000000000000004 32.614999771118171 0.99500000476837169 44.98500061035157 28.974999427795414
decision_type=2 2 2 2 2 2 2
left_child=-1 -2 3 6 -4 -6 -3
right_child=1 2 4 -5 5 -7 -8
leaf_value=0.035166087942261101 -0.024980591195757525 0.13668141477637821 0.0035864752367449201 0.2609259465976097 -0.14511227788925171 0.44309322161752668 -0.38055770110439613
leaf_count=2948 9998 54 3037 236 25 61 37
internal_value=0 -0.0995094 0.215391 1.39854 0.0915066 2.26753 -0.613538
internal_count=16396 13448 3450 327 3123 86 91
shrinkage=0.12


Tree=19
num_leaves=8
num_cat=0
split_feature=0 0 1 8 0 1 1
split_gain=305.313 292.357 633.066 529.799 524.975 612.315 1173.58
threshold=7.5000000000000009 1.0000000180025095e-35 1.0000000180025095e-35 54.32500076293946 1.5000000000000002 4.5000000000000009 3.5000000000000004
decision_type=2 2 2 2 2 2 2
left_child=1 2 3 -1 5 6 -3
right_child=-2 4 -4 -5 -6 -7 -8
leaf_value=0.42731280377755559 -0.010909647673063252 0.11764023016889889 -0.074017818144729408 -0.12651524098295916 0.016164086646685283 -0.033700012687196586 0.58052883157635682
leaf_count=72 13329 360 689 38 1610 197 101
internal_value=0 0.25902 -0.261153 1.96659 0.442274 1.19485 1.82545
internal_count=16396 3067 799 110 2268 658 461
shrinkage=0.12


end of trees

feature importances:
Column_0=38
Column_8=34
Column_2=32
Column_1=24
Column_7=11
Column_6=1

parameters:
[boosting: gbdt]
[objective: regression]
[metric: rmse]
[tree_learner: serial]
[device_type: cpu]
[data: ]
[valid: ]
[num_iterations: 100]
[learning_rate: 0.12]
[num_leaves: 8]
[num_threads: 0]
[max_depth: -1]
[min_data_in_leaf: 20]
[min_sum_hessian_in_leaf: 0.001]
[bagging_fraction: 0.8]
[bagging_freq: 5]
[bagging_seed: 3]
[feature_fraction: 0.9]
[feature_fraction_seed: 2]
[early_stopping_round: 0]
[max_delta_step: 0]
[lambda_l1: 0]
[lambda_l2: 0]
[min_gain_to_split: 0]
[drop_rate: 0.1]
[max_drop: 50]
[skip_drop: 0.5]
[xgboost_dart_mode: 0]
[uniform_drop: 0]
[drop_seed: 4]
[top_rate: 0.2]
[other_rate: 0.1]
[min_data_per_group: 100]
[max_cat_threshold: 32]
[cat_l2: 10]
[cat_smooth: 10]
[max_cat_to_onehot: 4]
[top_k: 20]
[monotone_constraints: ]
[feature_contri: ]
[forcedsplits_filename: ]
[refit_decay_rate: 0.9]
[verbosity: 0]
[max_bin: 255]
[min_data_in_bin: 3]
[bin_construct_sample_cnt: 200000]
[histogram_pool_size: -1]
[data_random_seed: 1]
[output_model: LightGBM_model.txt]
[snapshot_freq: -1]
[input_model: ]
[output_result: LightGBM_predict_result.txt]
[initscore_filename: ]
[valid_data_initscores: ]
[pre_partition: 0]
[enable_bundle: 1]
[max_conflict_rate: 0]
[is_enable_sparse: 1]
[sparse_threshold: 0.8]
[use_missing: 1]
[zero_as_missing: 0]
[two_round: 0]
[save_binary: 0]
[enable_load_from_binary_file: 1]
[header: 0]
[label_column: ]
[weight_column: ]
[group_column: ]
[ignore_column: ]
[categorical_feature: ]
[predict_raw_score: 0]
[predict_leaf_index: 0]
[predict_contrib: 0]
[num_iteration_predict: -1]
[pred_early_stop: 0]
[pred_early_stop_freq: 10]
[pred_early_stop_margin: 10]
[convert_model_language: ]
[convert_model: gbdt_prediction.cpp]
[num_class: 1]
[is_unbalance: 0]
[scale_pos_weight: 1]
[sigmoid: 1]
[boost_from_average: 1]
[reg_sqrt: 0]
[alpha: 0.9]
[fair_c: 1]
[poisson_max_delta_step: 0.7]
[tweedie_variance_power: 1.5]
[max_position: 20]
[label_gain: ]
[metric_freq: 1]
[is_provide_training_metric: 0]
[eval_at: ]
[num_machines: 1]
[local_listen_port: 12400]
[time_out: 120]
[machine_list_filename: ]
[machines: ]
[gpu_platform_id: -1]
[gpu_device_id: -1]
[gpu_use_dp: 0]

end of parameters

pandas_categorical:null
