tree
version=v2
num_class=1
num_tree_per_iteration=1
label_index=0
max_feature_idx=8
objective=regression
feature_names=Column_0 Column_1 Column_2 Column_3 Column_4 Column_5 Column_6 Column_7 Column_8
feature_infos=[0:23] [0:6] [1:12] [0:2] none [0:1] [0:1] [0:1] [-9.5299997329711914:95.800003051757812]
tree_sizes=685 706 733 699 720 709 693 698 718 696 717 703 721 723 705 708 708 711 707 718

Tree=0
num_leaves=8
num_cat=0
split_feature=0 0 2 8 2 8 8
split_gain=72404.9 120377 3174.33 1596.76 1521.48 912.128 1776.66
threshold=1.5000000000000002 1.0000000180025095e-35 9.5000000000000018 73.344997406005874 11.500000000000002 44.024999618530281 54.395000457763679
decision_type=2 2 2 2 2 2 2
left_child=1 -1 3 5 -4 -3 -7
right_child=-2 2 4 -5 -6 6 -8
leaf_value=3.1303712803879402 3.0857925071450794 5.4576961227548866 4.6887266365534348 6.6338880039390524 5.8924041026998424 6.5784041235444377 5.7042222527866784
leaf_count=732 14723 113 62 31 20 42 165
internal_value=0 7.5938 20.8104 22.1191 15.2086 21.4552 22.7026
internal_count=15888 1165 433 351 82 320 207
shrinkage=1


Tree=1
num_leaves=8
num_cat=0
split_feature=0 0 1 2 1 8 2
split_gain=56070.4 93219.6 4843.08 2677.22 2909.84 1559.58 776.35
threshold=1.5000000000000002 1.0000000180025095e-35 5.5000000000000009 9.5000000000000018 1.0000000180025095e-35 70.475002288818374 3.5000000000000004
decision_type=2 2 2 2 2 2 2
left_child=1 -1 3 4 -3 -6 -2
right_child=6 2 -4 -5 5 -7 -8
leaf_value=-0.023677342619563713 -0.017153996671757914 1.4358904389901594 1.0868374611854554 1.7049266895965525 2.5034308229218358 3.2832079096815803 -0.07950280490144121
leaf_count=732 3919 33 50 76 230 44 10804
internal_value=0 6.68254 18.3131 19.5215 20.837 21.9054 -0.524222
internal_count=15888 1165 433 383 307 274 14723
shrinkage=0.12


Tree=2
num_leaves=8
num_cat=0
split_feature=3 8 8 2 2 8 2
split_gain=1395.21 586.165 402.893 281.001 514.284 570.088 444.503
threshold=1.0000000180025095e-35 21.884999275207523 76.665000915527358 8.5000000000000018 4.5000000000000009 66.774997711181655 5.5000000000000009
decision_type=2 2 2 2 2 2 2
left_child=1 -1 3 4 -3 6 -6
right_child=-2 2 -4 -5 5 -7 -8
leaf_value=0.1209931780907165 -0.12346304473363176 -0.00029326864233336592 -0.048940436023751241 -0.014177634234407118 0.04914024449236773 0.0090691876608128968 0.16483292188756249
leaf_count=662 1209 4884 1721 3780 1003 1715 914
internal_value=0 0.0887582 0.0453309 0.108758 0.209475 0.494444 0.869175
internal_count=15888 14679 14017 12296 8516 3632 1917
shrinkage=0.12


Tree=3
num_leaves=8
num_cat=0
split_feature=0 0 1 2 1 8 1
split_gain=43182.2 71933.4 3742.91 2033.8 2262.58 1235.78 698.044
threshold=1.5000000000000002 1.0000000180025095e-35 5.5000000000000009 9.5000000000000018 1.0000000180025095e-35 70.475002288818374 2.5000000000000004
decision_type=2 2 2 2 2 2 2
left_child=1 -1 3 4 -3 -6 -5
right_child=-2 2 -4 6 5 -7 -8
leaf_value=-0.021542199036014863 -0.055257706891392103 1.2560428980399263 0.95322933204174043 1.9278456822037695 2.1963471912806445 2.8904716463522475 1.1912516566840086
leaf_count=732 14723 33 50 32 230 44 44
internal_value=0 5.86401 16.0808 17.1431 18.2896 19.2318 12.5116
internal_count=15888 1165 433 383 307 274 76
shrinkage=0.12


Tree=4
num_leaves=8
num_cat=0
split_feature=3 8 1 8 2 8 1
split_gain=991.888 476.989 230.179 220.342 175.861 232.824 170.837
threshold=1.0000000180025095e-35 29.425000190734867 5.5000000000000009 82.505001068115249 2.5000000000000004 10.605000019073488 3.5000000000000004
decision_type=2 2 2 2 2 2 2
left_child=1 4 -2 -3 5 6 -1
right_child=2 3 -4 -5 -6 -7 -8
leaf_value=0.12031541489064694 -0.078411058531251784 0.0052749265773662877 -0.2107274883148518 -0.060895262132991443 0.021816953014892351 0.08346471544993897 0.44047523353248835
leaf_count=48 974 12307 235 770 637 869 48
internal_value=0 0.0745824 -0.867751 0.0114891 0.589608 0.858798 2.33663
internal_count=15888 14679 1209 13077 1602 965 96
shrinkage=0.12


Tree=5
num_leaves=8
num_cat=0
split_feature=0 0 8 1 5 2 0
split_gain=35879.3 57302.9 2572.97 2953.22 1799.25 1187.87 747.113
threshold=1.5000000000000002 1.0000000180025095e-35 73.344997406005874 5.5000000000000009 1.0000000180025095e-35 7.5000000000000009 19.500000000000004
decision_type=2 2 2 2 2 2 2
left_child=1 -1 3 4 5 -3 -2
right_child=6 2 -4 -5 -6 -7 -8
leaf_value=0.0028018439797512498 -0.064642323503536048 2.0580949080171926 2.853896470069885 0.69907488008824781 1.089688363969326 1.5740611450219975 0.0011376846385617177
leaf_count=747 11542 197 28 41 48 116 3169
internal_value=0 5.31723 14.5138 13.8682 14.7816 15.6559 -0.420602
internal_count=15888 1177 430 402 361 313 14711
shrinkage=0.12


Tree=6
num_leaves=8
num_cat=0
split_feature=0 0 8 8 8 8 8
split_gain=27785 44375.3 1992.51 1313.61 1707.17 1082.84 927.87
threshold=1.5000000000000002 1.0000000180025095e-35 73.344997406005874 65.615001678466811 46.954999923706062 36.82500076293946 54.694999694824226
decision_type=2 2 2 2 2 2 2
left_child=1 -1 3 4 5 -3 -6
right_child=-2 2 -4 -5 6 -7 -8
leaf_value=0.0024656238768952917 -0.044415524963510575 1.5492649948596955 2.5114289065769739 0.99207193565368645 2.3223695400628177 0.94334954564911977 1.6703470250584862
leaf_count=747 14711 108 28 70 44 70 110
internal_value=0 4.67916 12.7721 12.204 13.0341 10.9249 15.472
internal_count=15888 1177 430 402 332 178 154
shrinkage=0.12


Tree=7
num_leaves=8
num_cat=0
split_feature=0 0 1 8 7 1 2
split_gain=21516.7 34364.3 1801.64 2206.17 1698.24 1119.96 814.793
threshold=1.5000000000000002 1.0000000180025095e-35 4.5000000000000009 48.004999160766609 0.11499999836087228 5.5000000000000009 2.5000000000000004
decision_type=2 2 2 2 2 2 2
left_child=1 -1 4 -4 6 -5 -3
right_child=-2 2 3 5 -6 -7 -8
leaf_value=0.0021697523711196867 -0.039085662470144535 2.1215637460914816 0.25957594775876336 1.7777032882433672 0.75175423145294185 0.79299782555678788 1.5170866236789726
leaf_count=747 14711 37 43 39 39 29 243
internal_value=0 4.11766 11.2395 7.76945 12.4469 11.3146 13.308
internal_count=15888 1177 430 111 319 68 280
shrinkage=0.12


Tree=8
num_leaves=8
num_cat=0
split_feature=0 0 1 7 2 0 1
split_gain=16662.5 26611.7 1395.19 1315.12 630.975 590.209 524.951
threshold=1.5000000000000002 1.0000000180025095e-35 4.5000000000000009 0.11499999836087228 2.5000000000000004 18.500000000000004 4.5000000000000009
decision_type=2 2 2 2 2 2 2
left_child=1 -1 3 4 -3 6 -2
right_child=5 2 -4 -5 -6 -7 -8
leaf_value=0.0019093781578014173 -0.065031933934953656 1.8669760607948174 0.82045435754028528 0.66154374856215259 1.3350362352235816 0.0049098045907944414 -0.0047962914974002333
leaf_count=747 7874 37 111 39 243 4004 2833
internal_value=0 3.62354 9.89075 10.9533 11.7111 -0.286628 -0.409117
internal_count=15888 1177 430 319 280 14711 10707
shrinkage=0.12


Tree=9
num_leaves=8
num_cat=0
split_feature=0 0 8 8 8 2 8
split_gain=12903.4 20608.1 1516.91 1013.46 1295.2 1028.44 996.47
threshold=1.5000000000000002 1.0000000180025095e-35 73.344997406005874 65.615001678466811 46.954999923706062 11.500000000000002 29.775000572204593
decision_type=2 2 2 2 2 2 2
left_child=1 -1 3 4 5 6 -3
right_child=-2 2 -4 -5 -6 -7 -8
leaf_value=0.0016802550343624559 -0.030267936924862304 1.2020864418148995 1.8984686754431042 0.57003433370590206 1.3272865621958461 1.6406893723351614 0.5458969850024773
leaf_count=747 14711 48 28 70 154 21 109
internal_value=0 3.18872 8.70386 8.20817 8.93724 7.10007 6.22096
internal_count=15888 1177 430 402 332 178 157
shrinkage=0.12


Tree=10
num_leaves=8
num_cat=0
split_feature=0 0 1 1 2 2 2
split_gain=9021.74 15502.3 2166.34 1167.35 656.949 439.781 731.013
threshold=1.5000000000000002 1.0000000180025095e-35 4.5000000000000009 1.0000000180025095e-35 3.5000000000000004 3.5000000000000004 9.5000000000000018
decision_type=2 2 2 2 2 2 2
left_child=1 -1 3 -3 -2 -4 -7
right_child=4 2 5 -5 -6 6 -8
leaf_value=-0.0099250354664890388 0.013609873325551157 0.44328958906625443 0.070268487691879267 1.1543152562590469 -0.043728078238749732 0.78294686694939919 -0.0074224376678466795
leaf_count=760 3926 38 30 266 10774 72 22
internal_value=0 2.62813 7.44178 8.87864 -0.236788 3.91915 4.98306
internal_count=15888 1188 428 304 14700 124 94
shrinkage=0.12


Tree=11
num_leaves=8
num_cat=0
split_feature=0 0 1 8 8 1 8
split_gain=6986.43 12004.9 1677.61 1265.56 1590.83 903.993 780.235
threshold=1.5000000000000002 1.0000000180025095e-35 4.5000000000000009 48.004999160766609 35.420000076293952 1.0000000180025095e-35 71.524997711181655
decision_type=2 2 2 2 2 2 2
left_child=1 -1 5 4 -4 -3 -7
right_child=-2 2 3 -5 -6 6 -8
leaf_value=-0.008734026983772453 -0.0250048077615035 0.39009485495717899 0.57220581584506558 0.72898534017640182 -0.7858942490038664 0.9481526457294821 1.640210820711576
leaf_count=760 14700 38 27 74 23 240 26
internal_value=0 2.31276 6.54877 3.44885 -0.437668 7.81321 8.46498
internal_count=15888 1188 428 124 50 304 266
shrinkage=0.12


Tree=12
num_leaves=8
num_cat=0
split_feature=8 3 7 1 2 8 7
split_gain=536.114 357.097 281.986 147.363 141.803 176.574 177.904
threshold=36.585000991821296 1.0000000180025095e-35 0.9650000035762788 4.5000000000000009 1.5000000000000002 10.605000019073488 0.67500001192092907
decision_type=2 2 2 2 2 2 2
left_child=2 -2 4 -3 5 -1 -7
right_child=1 3 -4 -5 -6 6 -8
leaf_value=0.2703562391323725 -0.0068664929147381169 -0.042879484165386637 0.47876722863742283 -0.12898656326350166 0.021749526632544102 0.054596669938801523 0.40793447272053784
leaf_count=63 11300 763 21 458 2365 897 21
internal_value=0 -0.112733 0.336759 -0.626487 0.313832 0.633472 0.52233
internal_count=15888 12521 3367 1221 3346 981 918
shrinkage=0.12


Tree=13
num_leaves=8
num_cat=0
split_feature=8 3 7 1 8 2 8
split_gain=415.167 276.536 218.37 114.118 127.074 109.812 136.739
threshold=36.585000991821296 1.0000000180025095e-35 0.9650000035762788 4.5000000000000009 74.895000457763686 1.5000000000000002 10.605000019073488
decision_type=2 2 2 2 2 2 2
left_child=2 -2 5 4 -3 6 -1
right_child=1 3 -4 -5 -6 -7 -8
leaf_value=0.2379134903919129 -0.0060425153113176332 -0.067912211556115584 0.42131516499178751 -0.11350817901859117 0.041735500608171737 0.019139581683367473 0.055158013976574723
leaf_count=63 11300 553 21 458 210 2365 918
internal_value=0 -0.0992054 0.296348 -0.551309 -0.31445 0.276172 0.557455
internal_count=15888 12521 3367 1221 763 3346 981
shrinkage=0.12


Tree=14
num_leaves=8
num_cat=0
split_feature=0 0 1 8 8 1 8
split_gain=5394.1 9256.22 1295.77 999.49 1212.16 695.718 610.279
threshold=1.5000000000000002 1.0000000180025095e-35 4.5000000000000009 48.004999160766609 35.420000076293952 1.0000000180025095e-35 71.524997711181655
decision_type=2 2 2 2 2 2 2
left_child=1 -1 5 4 -4 -3 -7
right_child=-2 2 3 -5 -6 6 -8
leaf_value=-0.0070335861369967452 -0.021501295794814596 0.34373495484653271 0.49461545891231956 0.6438007698026863 -0.69087991662647408 0.83282051776722066 1.4448802922322199
leaf_count=760 14700 38 27 74 23 240 26
internal_value=0 2.0361 5.75567 3.03129 -0.422603 6.86693 7.43872
internal_count=15888 1188 428 124 50 304 266
shrinkage=0.12


Tree=15
num_leaves=8
num_cat=0
split_feature=2 8 2 8 7 8 2
split_gain=308.631 349.142 614.532 260.416 155.056 290.333 246.228
threshold=3.5000000000000004 61.98500061035157 2.5000000000000004 19.265000343322757 0.044999999925494201 33.164999008178718 1.5000000000000002
decision_type=2 2 2 2 2 2 2
left_child=1 3 -3 -1 -5 6 -6
right_child=-2 2 -4 4 5 -7 -8
leaf_value=0.12343423857597866 -0.010194175092992343 -0.11974082490672236 0.71739449718168802 0.0021137106690943784 0.47082132995128628 0.02678358312423636 0.1211178162324745
leaf_count=347 11715 23 28 2967 39 656 113
internal_value=0 0.231757 2.83219 0.199582 0.123377 0.511741 1.75704
internal_count=15888 4173 51 4122 3775 808 152
shrinkage=0.12


Tree=16
num_leaves=8
num_cat=0
split_feature=0 0 2 8 2 1 1
split_gain=4135.81 6690.3 1004.22 1307.67 1193.71 1071.23 1063.7
threshold=1.5000000000000002 1.0000000180025095e-35 5.5000000000000009 47.164999008178718 11.500000000000002 3.5000000000000004 1.0000000180025095e-35
decision_type=2 2 2 2 2 2 2
left_child=1 -1 3 -3 5 6 -4
right_child=-2 2 4 -5 -6 -7 -8
leaf_value=-0.00078389275030734068 -0.017528342154480594 0.59560131082167989 -0.1241487127304077 1.3140956507988695 1.2512643998861313 0.067099667610508382 0.74227015637062688
leaf_count=749 14708 117 25 53 24 101 111
internal_value=0 1.79972 4.93867 6.83002 3.70676 3.02621 4.85835
internal_count=15888 1180 431 170 261 237 136
shrinkage=0.12


Tree=17
num_leaves=8
num_cat=0
split_feature=0 0 1 2 8 8 0
split_gain=3202.77 5180.97 876.606 833.191 1006.66 811.487 653.028
threshold=1.5000000000000002 1.0000000180025095e-35 5.5000000000000009 5.5000000000000009 47.164999008178718 54.694999694824226 18.500000000000004
decision_type=2 2 2 2 2 2 2
left_child=1 -1 3 4 -3 -6 -2
right_child=6 2 -4 -5 5 -7 -8
leaf_value=-0.00068982475905993742 -0.030751806764225113 0.59546829886228125 0.038104895427823068 0.4408748059547864 1.8453118572235108 0.82859694703267162 0.026289574510440502
leaf_count=749 10756 103 48 234 20 26 3952
internal_value=0 1.58376 4.34603 4.85091 6.69927 10.5887 -0.128541
internal_count=15888 1180 431 383 149 46 14708
shrinkage=0.12


Tree=18
num_leaves=8
num_cat=0
split_feature=0 0 7 2 2 8 8
split_gain=2480.22 4012.14 827.341 598.795 925.083 986.758 721.534
threshold=1.5000000000000002 1.0000000180025095e-35 0.85500001907348644 11.500000000000002 6.5000000000000009 70.665000915527358 67.505001068115249
decision_type=2 2 2 2 2 2 2
left_child=1 -1 3 4 -3 6 -6
right_child=-2 2 -4 -5 5 -7 -8
leaf_value=-0.00060704793333410411 -0.013573948059205461 0.54888071843968012 1.175802289626815 1.0152050063921056 0.13418837554314558 0.6557675296465556 -0.62353219465775911
leaf_count=749 14708 217 22 23 102 45 22
internal_value=0 1.39371 3.82451 3.50318 3.20782 1.4536 -0.00204933
internal_count=15888 1180 431 409 386 169 124
shrinkage=0.12


Tree=19
num_leaves=8
num_cat=0
split_feature=0 0 1 1 0 8 8
split_gain=1920.68 3107 644.397 722.377 505.705 448.596 981.884
threshold=1.5000000000000002 1.0000000180025095e-35 5.5000000000000009 1.0000000180025095e-35 18.500000000000004 70.665000915527358 62.965000152587898
decision_type=2 2 2 2 2 2 2
left_child=1 -1 3 -3 -2 6 -5
right_child=4 2 -4 5 -6 -7 -8
leaf_value=-0.0005342013714399851 -0.025432715839410234 -0.048153204531282988 -0.010606728754937648 0.56864118166049649 0.024763698210578736 0.86767624066634608 0.036109443931352521
leaf_count=749 10756 37 48 239 3952 44 63
internal_value=0 1.22646 3.36557 3.79844 -0.0995423 4.24754 3.81292
internal_count=15888 1180 431 383 14708 346 302
shrinkage=0.12


end of trees

feature importances:
Column_8=43
Column_0=34
Column_2=26
Column_1=25
Column_7=7
Column_3=4
Column_5=1

parameters:
[boosting: gbdt]
[objective: regression]
[metric: rmse]
[tree_learner: serial]
[device_type: cpu]
[data: ]
[valid: ]
[num_iterations: 100]
[learning_rate: 0.12]
[num_leaves: 8]
[num_threads: 0]
[max_depth: -1]
[min_data_in_leaf: 20]
[min_sum_hessian_in_leaf: 0.001]
[bagging_fraction: 0.8]
[bagging_freq: 5]
[bagging_seed: 3]
[feature_fraction: 0.9]
[feature_fraction_seed: 2]
[early_stopping_round: 0]
[max_delta_step: 0]
[lambda_l1: 0]
[lambda_l2: 0]
[min_gain_to_split: 0]
[drop_rate: 0.1]
[max_drop: 50]
[skip_drop: 0.5]
[xgboost_dart_mode: 0]
[uniform_drop: 0]
[drop_seed: 4]
[top_rate: 0.2]
[other_rate: 0.1]
[min_data_per_group: 100]
[max_cat_threshold: 32]
[cat_l2: 10]
[cat_smooth: 10]
[max_cat_to_onehot: 4]
[top_k: 20]
[monotone_constraints: ]
[feature_contri: ]
[forcedsplits_filename: ]
[refit_decay_rate: 0.9]
[verbosity: 0]
[max_bin: 255]
[min_data_in_bin: 3]
[bin_construct_sample_cnt: 200000]
[histogram_pool_size: -1]
[data_random_seed: 1]
[output_model: LightGBM_model.txt]
[snapshot_freq: -1]
[input_model: ]
[output_result: LightGBM_predict_result.txt]
[initscore_filename: ]
[valid_data_initscores: ]
[pre_partition: 0]
[enable_bundle: 1]
[max_conflict_rate: 0]
[is_enable_sparse: 1]
[sparse_threshold: 0.8]
[use_missing: 1]
[zero_as_missing: 0]
[two_round: 0]
[save_binary: 0]
[enable_load_from_binary_file: 1]
[header: 0]
[label_column: ]
[weight_column: ]
[group_column: ]
[ignore_column: ]
[categorical_feature: ]
[predict_raw_score: 0]
[predict_leaf_index: 0]
[predict_contrib: 0]
[num_iteration_predict: -1]
[pred_early_stop: 0]
[pred_early_stop_freq: 10]
[pred_early_stop_margin: 10]
[convert_model_language: ]
[convert_model: gbdt_prediction.cpp]
[num_class: 1]
[is_unbalance: 0]
[scale_pos_weight: 1]
[sigmoid: 1]
[boost_from_average: 1]
[reg_sqrt: 0]
[alpha: 0.9]
[fair_c: 1]
[poisson_max_delta_step: 0.7]
[tweedie_variance_power: 1.5]
[max_position: 20]
[label_gain: ]
[metric_freq: 1]
[is_provide_training_metric: 0]
[eval_at: ]
[num_machines: 1]
[local_listen_port: 12400]
[time_out: 120]
[machine_list_filename: ]
[machines: ]
[gpu_platform_id: -1]
[gpu_device_id: -1]
[gpu_use_dp: 0]

end of parameters

pandas_categorical:null
