tree
version=v2
num_class=1
num_tree_per_iteration=1
label_index=0
max_feature_idx=8
objective=regression
feature_names=Column_0 Column_1 Column_2 Column_3 Column_4 Column_5 Column_6 Column_7 Column_8
feature_infos=[0:23] [0:6] [1:12] [0:2] none [0:1] [0:1] [0:1] [-3.5199999809265137:95.75]
tree_sizes=697 720 728 727 727 718 720 717 716 738 718 732 730 721 723 722 714 717 729 725

Tree=0
num_leaves=8
num_cat=0
split_feature=2 2 0 0 0 7 0
split_gain=1457.83 519.595 464.339 1033.85 972.126 519.791 308.513
threshold=8.5000000000000018 1.5000000000000002 6.5000000000000009 1.5000000000000002 5.5000000000000009 0.86500000953674328 5.5000000000000009
decision_type=2 2 2 2 2 2 2
left_child=1 -1 3 -3 5 -5 -2
right_child=6 2 -4 4 -6 -7 -8
leaf_value=1.4271286904672531 1.497295557961615 1.4746749383106923 1.4971592214807603 1.7472783087057839 1.5363199966096894 2.3582812112237148 1.4105710605185753
leaf_count=1242 687 984 8625 443 523 21 4213
internal_value=0 0.183285 0.255012 0.69292 1.41606 2.46971 -0.465301
internal_count=16738 11838 10596 1971 987 464 4900
shrinkage=1


Tree=1
num_leaves=8
num_cat=0
split_feature=2 1 0 0 2 7 0
split_gain=1128.94 882.697 384.046 1060.75 338.675 258.675 340.777
threshold=8.5000000000000018 4.5000000000000009 5.5000000000000009 1.5000000000000002 1.5000000000000002 0.36500000953674322 5.5000000000000009
decision_type=2 2 2 2 2 2 2
left_child=1 2 3 -1 -3 -6 -7
right_child=-2 4 -4 -5 5 6 -8
leaf_value=-0.019045224302999476 -0.049135787347628142 -0.041050162727881735 -0.011152998931244841 0.22116245285828512 0.074472327807214522 0.5437688497702281 0.1445831861630292
leaf_count=779 4900 341 7368 401 2700 36 213
internal_value=0 0.161291 -0.00811631 0.521539 0.601441 0.710544 1.68581
internal_count=16738 11838 8548 1180 3290 2949 249
shrinkage=0.12


Tree=2
num_leaves=8
num_cat=0
split_feature=2 1 2 2 8 8 2
split_gain=874.253 683.561 268.586 310.622 174.337 159.611 146.585
threshold=8.5000000000000018 4.5000000000000009 2.5000000000000004 4.5000000000000009 25.564999580383304 39.125000000000007 1.5000000000000002
decision_type=2 2 2 2 2 2 2
left_child=1 6 -3 4 -4 -2 -1
right_child=5 2 3 -5 -6 -7 -8
leaf_value=-0.04663721786619688 -0.0091319649725813759 -0.0040360155887349067 -0.053381454553760463 0.052851164340972895 0.15742841101373445 -0.056991898643806625 0.0045369155611440963
leaf_count=901 1408 674 61 1791 764 3492 7647
internal_value=0 0.141936 0.529268 0.674298 1.18201 -0.360329 -0.00714235
internal_count=16738 11838 3290 2616 825 4900 8548
shrinkage=0.12


Tree=3
num_leaves=8
num_cat=0
split_feature=2 1 0 0 0 0 8
split_gain=677.022 529.349 297.495 820.753 236.024 287.739 334.35
threshold=8.5000000000000018 4.5000000000000009 5.5000000000000009 1.5000000000000002 5.5000000000000009 1.0000000180025095e-35 44.114999771118171
decision_type=2 2 2 2 2 2 2
left_child=1 2 3 -1 5 -2 -7
right_child=4 -3 -4 -5 -6 6 -8
leaf_value=-0.016618399350725791 -0.078142382965600193 0.055890749464734345 -0.0097131392777160246 0.19467577208214418 -0.048685904971613271 0.1985245082283964 -0.010396933967684522
leaf_count=779 242 3290 7368 401 4213 202 243
internal_value=0 0.124904 -0.00628525 0.459882 -0.31709 0.226408 0.703661
internal_count=16738 11838 8548 1180 4900 687 445
shrinkage=0.12


Tree=4
num_leaves=8
num_cat=0
split_feature=2 1 2 7 8 2 2
split_gain=524.286 409.928 221.333 194.656 136.117 127.407 112.99
threshold=8.5000000000000018 4.5000000000000009 1.5000000000000002 0.36500000953674322 25.050000190734867 4.5000000000000009 1.5000000000000002
decision_type=2 2 2 2 2 2 2
left_child=1 6 -3 4 -4 -6 -1
right_child=-2 2 3 -5 5 -7 -8
leaf_value=-0.040856806131102534 -0.033484660866795753 -0.042346708250185612 -0.077337946103966757 0.16128974606114699 0.092478540529994629 0.036584789884706655 0.0040719875215127826
leaf_count=901 4900 341 115 249 902 1683 7647
internal_value=0 0.109915 0.409866 0.498065 0.420043 0.467401 -0.00553101
internal_count=16738 11838 3290 2949 2700 2585 8548
shrinkage=0.12


Tree=5
num_leaves=8
num_cat=0
split_feature=0 0 2 0 0 2 8
split_gain=686.012 731.721 350.677 278.804 327.161 673.9 417.633
threshold=6.5000000000000009 1.0000000180025095e-35 8.5000000000000018 5.5000000000000009 1.5000000000000002 10.500000000000002 27.130000114440922
decision_type=2 2 2 2 2 2 2
left_child=1 -1 -2 4 5 -3 -7
right_child=2 3 -4 -5 -6 6 -8
leaf_value=-0.046550808305090119 0.0029808841256556791 0.018200151044094632 -0.039221657964793204 0.029546113590424382 0.17383508833536659 0.82465475814683098 0.22562713541180254
leaf_count=792 9609 668 4022 796 747 21 83
internal_value=0 0.441765 -0.0789293 0.725616 0.976834 0.520321 2.88821
internal_count=16738 3107 13631 2315 1519 772 104
shrinkage=0.12


Tree=6
num_leaves=8
num_cat=0
split_feature=0 0 2 0 0 2 8
split_gain=531.247 566.645 271.564 215.906 253.353 521.868 323.415
threshold=6.5000000000000009 1.0000000180025095e-35 8.5000000000000018 5.5000000000000009 1.5000000000000002 10.500000000000002 27.130000114440922
decision_type=2 2 2 2 2 2 2
left_child=1 -1 -2 4 5 -3 -7
right_child=2 3 -4 -5 -6 6 -8
leaf_value=-0.040964709457122918 0.0026231794485655421 0.016016139846718954 -0.034515059789219406 0.026000580949025538 0.15297487550231828 0.72569614938327243 0.19855187857725534
leaf_count=792 9609 668 4022 796 747 21 83
internal_value=0 0.388753 -0.0694578 0.638542 0.859614 0.457882 2.54162
internal_count=16738 3107 13631 2315 1519 772 104
shrinkage=0.12


Tree=7
num_leaves=8
num_cat=0
split_feature=0 0 1 0 0 2 8
split_gain=411.398 438.81 284.205 167.197 196.197 404.135 250.453
threshold=6.5000000000000009 1.0000000180025095e-35 4.5000000000000009 5.5000000000000009 1.5000000000000002 10.500000000000002 27.130000114440922
decision_type=2 2 2 2 2 2 2
left_child=1 -1 -2 4 5 -3 -7
right_child=2 3 -4 -5 -6 6 -8
leaf_value=-0.036048944177049576 -0.018270762362072198 0.014094198736958875 0.020119380796274941 0.022880509498075175 0.13461789094180945 0.63861262338502067 0.17472565693129977
leaf_count=792 9748 668 3883 796 747 21 83
internal_value=0 0.342103 -0.0611228 0.561917 0.75646 0.402936 2.23663
internal_count=16738 3107 13631 2315 1519 772 104
shrinkage=0.12


Tree=8
num_leaves=8
num_cat=0
split_feature=1 0 0 1 2 2 0
split_gain=335.464 276.616 736.134 240.995 346.236 192.189 177.991
threshold=5.5000000000000009 5.5000000000000009 1.5000000000000002 4.5000000000000009 4.5000000000000009 8.5000000000000018 7.5000000000000009
decision_type=2 2 2 2 2 2 2
left_child=1 2 -1 -4 -5 -3 -2
right_child=6 5 3 4 -6 -7 -8
leaf_value=-0.016088412730274972 0.10599604437192685 -0.0024331548148873402 0.10420879386840982 0.6156653287831475 0.16332090854644774 -0.035239503395269045 0.02603662611272976
leaf_count=1332 516 8771 564 34 86 3638 1797
internal_value=0 -0.0446102 0.298951 1.1422 2.42904 -0.100426 0.365621
internal_count=16738 14425 2016 684 120 12409 2313
shrinkage=0.12


Tree=9
num_leaves=8
num_cat=0
split_feature=0 0 2 2 2 2 8
split_gain=249.639 301.673 178.29 143.84 140.965 131.157 127.876
threshold=6.5000000000000009 1.0000000180025095e-35 9.5000000000000018 10.500000000000002 1.5000000000000002 4.5000000000000009 34.364999771118171
decision_type=2 2 2 2 2 2 2
left_child=1 -1 4 -4 -2 6 -6
right_child=2 -3 3 -5 5 -7 -8
leaf_value=-0.031956685034163074 -0.040952286746165356 0.053842227625119504 -0.068089485485764101 -0.012770830241752192 -0.014667510169303235 -0.0040828430205084726 0.039293107540988997
leaf_count=792 1013 2315 1020 2012 851 6273 2462
internal_value=0 0.266428 -0.0476762 -0.261506 0.0134928 0.0509823 0.211937
internal_count=16738 3107 13631 3032 10599 9586 3313
shrinkage=0.12


Tree=10
num_leaves=8
num_cat=0
split_feature=1 0 0 7 2 0 2
split_gain=284.627 221.754 249.689 183.063 200.985 231.207 136.266
threshold=4.5000000000000009 5.5000000000000009 1.5000000000000002 0.11499999836087228 11.500000000000002 12.500000000000002 2.5000000000000004
decision_type=2 2 2 2 2 2 2
left_child=1 2 -1 6 -5 -6 -2
right_child=3 -3 -4 4 5 -7 -8
leaf_value=-0.002024343173097336 -0.038720956931749859 -0.016246952922190555 0.095735198783663517 0.063908096950727966 0.60498236872933131 0.10853477566582816 0.024590206322392647
leaf_count=1126 568 10303 565 575 22 35 3544
internal_value=0 -0.080305 0.255327 0.209053 0.71012 2.50122 0.132041
internal_count=16738 11994 1691 4744 632 57 4112
shrinkage=0.12


Tree=11
num_leaves=8
num_cat=0
split_feature=1 0 0 0 5 2 2
split_gain=220.415 171.726 193.359 164.014 145.405 102.815 104.77
threshold=4.5000000000000009 5.5000000000000009 1.5000000000000002 10.500000000000002 1.0000000180025095e-35 2.5000000000000004 8.5000000000000018
decision_type=2 2 2 2 2 2 2
left_child=1 2 -1 4 5 -2 -7
right_child=3 -3 -4 -5 -6 6 -8
leaf_value=-0.0017814237842763085 -0.039713624442617099 -0.014297317664368481 0.084246976207842855 0.0047149748395428738 0.13623126731257931 0.074725446063815273 0.0043432469081275075
leaf_count=1126 216 10303 565 2955 247 852 474
internal_value=0 -0.0706684 0.224688 0.183967 0.422935 0.308834 0.413052
internal_count=16738 11994 1691 4744 1789 1542 1326
shrinkage=0.12


Tree=12
num_leaves=8
num_cat=0
split_feature=1 7 2 2 8 2 2
split_gain=182.225 158.928 142.923 129.263 210.014 116.195 106.646
threshold=5.5000000000000009 0.99500000476837169 9.5000000000000018 11.500000000000002 42.905000686645515 9.5000000000000018 2.5000000000000004
decision_type=2 2 2 2 2 2 2
left_child=1 2 6 5 -5 -2 -1
right_child=3 -3 -4 4 -6 -7 -8
leaf_value=-0.02544293192232365 0.035736841224499896 0.075584897767003292 -0.029851366523424103 0.081957009317907129 0.48747349722044814 -0.039182014014540599 0.0050991976047185484
leaf_count=2015 1807 345 3048 148 21 357 8997
internal_value=0 -0.0406689 -0.0571224 0.260591 1.10289 0.194811 -0.0040789
internal_count=16738 14405 14060 2333 169 2164 11012
shrinkage=0.12


Tree=13
num_leaves=8
num_cat=0
split_feature=2 2 1 2 8 8 8
split_gain=149.154 355.998 120.092 115.122 162.635 107.479 92.1424
threshold=4.5000000000000009 2.5000000000000004 5.5000000000000009 11.500000000000002 42.905000686645515 68.255001068115249 72.674999237060561
decision_type=2 2 2 2 2 2 2
left_child=1 -1 5 -4 -5 -2 -3
right_child=2 6 3 4 -6 -7 -8
leaf_value=-0.017866231281953422 -0.022650610013864463 0.047151891659071569 0.01178079705365033 0.07212217158562427 0.42897668412753509 0.0031084786801128558 -0.12781083579767835
leaf_count=2375 5973 2908 1442 148 21 3827 44
internal_value=0 0.139324 -0.0633347 0.189688 0.970542 -0.104929 0.3712
internal_count=16738 5327 11411 1611 169 9800 2952
shrinkage=0.12


Tree=14
num_leaves=8
num_cat=0
split_feature=0 0 7 8 1 2 2
split_gain=154.947 162.766 186.435 159.753 112.491 203.221 104.069
threshold=6.5000000000000009 1.0000000180025095e-35 0.14500000327825549 40.489999771118171 4.5000000000000009 7.5000000000000009 9.5000000000000018
decision_type=2 2 2 2 2 2 2
left_child=1 -1 -3 -4 -5 -6 -2
right_child=6 2 3 4 5 -7 -8
leaf_value=-0.022282252455040202 0.00013683245592892472 0.028298482198791115 0.29438566893339158 0.018304760092656122 0.42151009898632763 -0.030155952847920928 -0.025243000819944295
leaf_count=807 10622 2073 68 131 32 26 2979
internal_value=0 0.201364 0.335419 1.13879 0.665881 1.82533 -0.0451838
internal_count=16738 3137 2330 257 189 58 13601
shrinkage=0.12


Tree=15
num_leaves=8
num_cat=0
split_feature=2 2 1 8 2 7 2
split_gain=132.789 143.51 185.337 119.66 137.428 125.403 143.078
threshold=8.5000000000000018 1.5000000000000002 4.5000000000000009 25.050000190734867 4.5000000000000009 0.86500000953674328 3.5000000000000004
decision_type=2 2 2 2 2 2 2
left_child=1 -1 -3 -4 5 -5 -7
right_child=-2 2 3 4 -6 6 -8
leaf_value=-0.031036032274437759 -0.015862610717456468 0.0023027350263194273 -0.082388249905213068 0.066859256278304205 0.022195886768084684 0.087697331932458003 0.47277012184262274
leaf_count=1236 4873 7661 115 1004 1792 33 24
internal_value=0 0.0638771 0.101381 0.313532 0.353845 0.639076 2.08194
internal_count=16738 11865 10629 2968 2853 1061 57
shrinkage=0.12


Tree=16
num_leaves=8
num_cat=0
split_feature=2 2 0 0 0 8 8
split_gain=118.195 268.729 127.718 157.3 154.46 371.88 100.093
threshold=4.5000000000000009 2.5000000000000004 6.5000000000000009 1.5000000000000002 5.5000000000000009 38.504999160766609 85.225002288818374
decision_type=2 2 2 2 2 2 2
left_child=1 -1 3 -3 5 -5 -2
right_child=6 2 -4 4 -6 -7 -8
leaf_value=-0.014864797317559594 -0.0085268088251590317 0.02811702658592815 0.027422001880799272 0.076435893140261682 0.066926754427717075 0.47657892058635576 0.047573480049935342
leaf_count=2351 10929 284 2418 79 141 58 478
internal_value=0 0.128902 0.328323 0.757739 1.29247 2.04866 -0.0514665
internal_count=16738 5331 2980 562 278 137 11407
shrinkage=0.12


Tree=17
num_leaves=8
num_cat=0
split_feature=2 2 0 8 8 0 8
split_gain=91.5299 208.104 98.905 129.053 92.687 75.234 71.7596
threshold=4.5000000000000009 2.5000000000000004 6.5000000000000009 60.085000991821296 69.805000305175795 1.5000000000000002 46.954999923706062
decision_type=2 2 2 2 2 2 2
left_child=1 -1 3 5 -2 -3 -7
right_child=4 2 -4 -5 -6 6 -8
leaf_value=-0.013081022338559022 -0.013341083168486794 0.024427347499877215 0.024131362600524724 0.37936925940960647 0.0093644266677042603 0.13964384089863818 -0.034500422269105914
leaf_count=2351 7435 272 2418 20 3972 230 40
internal_value=0 0.113434 0.288924 0.66681 -0.0452905 0.574759 0.948706
internal_count=16738 5331 2980 562 11407 542 270
shrinkage=0.12


Tree=18
num_leaves=8
num_cat=0
split_feature=7 1 0 0 7 1 2
split_gain=93.1317 96.5646 71.8271 238.175 111.467 88.9604 99.8439
threshold=0.99500000476837169 5.5000000000000009 5.5000000000000009 1.5000000000000002 0.7749999761581422 1.0000000180025095e-35 10.500000000000002
decision_type=2 2 2 2 2 2 2
left_child=1 2 3 5 -5 6 -1
right_child=-2 -3 -4 4 -6 -7 -8
leaf_value=0.027535895824432371 0.058057760892605233 0.02219410455401042 -0.0080237935140906602 0.065459533351982138 0.34628422124045233 -0.027090388711572287 0.28225762596130372
leaf_count=195 396 2259 12078 661 21 1103 25
internal_value=0 -0.00698045 -0.0377674 0.137514 0.617555 -0.109944 0.47068
internal_count=16738 16342 14083 2005 682 1323 220
shrinkage=0.12


Tree=19
num_leaves=8
num_cat=0
split_feature=1 8 2 2 8 8 0
split_gain=76.0432 124.017 95.3952 143.584 104.772 179.427 76.0398
threshold=4.5000000000000009 25.564999580383304 1.5000000000000002 4.5000000000000009 67.844997406005874 64.905002593994155 5.5000000000000009
decision_type=2 2 2 2 2 2 2
left_child=6 -2 -3 4 5 -4 -1
right_child=1 2 3 -5 -6 -7 -8
leaf_value=0.018892648630907855 -0.05976895585656166 -0.056742189731286918 0.059758724632976518 0.0097824920813903947 -0.14023009199649095 0.37328983929422166 -0.0084813702321112471
leaf_count=1703 312 230 991 3145 36 27 10294
internal_value=0 0.111296 0.154223 0.188571 0.507997 0.567287 -0.0382964
internal_count=16738 4741 4429 4199 1054 1018 11997
shrinkage=0.12


end of trees

feature importances:
Column_2=48
Column_0=44
Column_8=22
Column_1=16
Column_7=9
Column_5=1

parameters:
[boosting: gbdt]
[objective: regression]
[metric: rmse]
[tree_learner: serial]
[device_type: cpu]
[data: ]
[valid: ]
[num_iterations: 100]
[learning_rate: 0.12]
[num_leaves: 8]
[num_threads: 0]
[max_depth: -1]
[min_data_in_leaf: 20]
[min_sum_hessian_in_leaf: 0.001]
[bagging_fraction: 0.8]
[bagging_freq: 5]
[bagging_seed: 3]
[feature_fraction: 0.9]
[feature_fraction_seed: 2]
[early_stopping_round: 0]
[max_delta_step: 0]
[lambda_l1: 0]
[lambda_l2: 0]
[min_gain_to_split: 0]
[drop_rate: 0.1]
[max_drop: 50]
[skip_drop: 0.5]
[xgboost_dart_mode: 0]
[uniform_drop: 0]
[drop_seed: 4]
[top_rate: 0.2]
[other_rate: 0.1]
[min_data_per_group: 100]
[max_cat_threshold: 32]
[cat_l2: 10]
[cat_smooth: 10]
[max_cat_to_onehot: 4]
[top_k: 20]
[monotone_constraints: ]
[feature_contri: ]
[forcedsplits_filename: ]
[refit_decay_rate: 0.9]
[verbosity: 0]
[max_bin: 255]
[min_data_in_bin: 3]
[bin_construct_sample_cnt: 200000]
[histogram_pool_size: -1]
[data_random_seed: 1]
[output_model: LightGBM_model.txt]
[snapshot_freq: -1]
[input_model: ]
[output_result: LightGBM_predict_result.txt]
[initscore_filename: ]
[valid_data_initscores: ]
[pre_partition: 0]
[enable_bundle: 1]
[max_conflict_rate: 0]
[is_enable_sparse: 1]
[sparse_threshold: 0.8]
[use_missing: 1]
[zero_as_missing: 0]
[two_round: 0]
[save_binary: 0]
[enable_load_from_binary_file: 1]
[header: 0]
[label_column: ]
[weight_column: ]
[group_column: ]
[ignore_column: ]
[categorical_feature: ]
[predict_raw_score: 0]
[predict_leaf_index: 0]
[predict_contrib: 0]
[num_iteration_predict: -1]
[pred_early_stop: 0]
[pred_early_stop_freq: 10]
[pred_early_stop_margin: 10]
[convert_model_language: ]
[convert_model: gbdt_prediction.cpp]
[num_class: 1]
[is_unbalance: 0]
[scale_pos_weight: 1]
[sigmoid: 1]
[boost_from_average: 1]
[reg_sqrt: 0]
[alpha: 0.9]
[fair_c: 1]
[poisson_max_delta_step: 0.7]
[tweedie_variance_power: 1.5]
[max_position: 20]
[label_gain: ]
[metric_freq: 1]
[is_provide_training_metric: 0]
[eval_at: ]
[num_machines: 1]
[local_listen_port: 12400]
[time_out: 120]
[machine_list_filename: ]
[machines: ]
[gpu_platform_id: -1]
[gpu_device_id: -1]
[gpu_use_dp: 0]

end of parameters

pandas_categorical:null
