tree
version=v2
num_class=1
num_tree_per_iteration=1
label_index=0
max_feature_idx=8
objective=regression
feature_names=Column_0 Column_1 Column_2 Column_3 Column_4 Column_5 Column_6 Column_7 Column_8
feature_infos=[0:23] [0:6] [1:12] [0:2] none [0:1] [0:1] [0:1] [-3.8499999046325684:95.760002136230469]
tree_sizes=698 726 727 725 707 724 725 717 731 730 734 725 728 720 738 721 725 731 719 719

Tree=0
num_leaves=8
num_cat=0
split_feature=8 2 2 2 8 8 7
split_gain=1956.94 864.108 1177.92 3111.35 1138.47 822.643 505.965
threshold=77.594997406005874 9.5000000000000018 2.5000000000000004 3.5000000000000004 36.805000305175788 27.335000038146976 0.6850000023841859
decision_type=2 2 2 2 2 2 2
left_child=1 2 -1 4 5 -4 -7
right_child=-2 -3 3 -5 -6 6 -8
leaf_value=1.2293007651830152 1.4207552915951835 1.2383287618863303 1.3984076996663513 1.2946485296980332 1.386671284503092 1.6606717230975603 2.2263474100497902
leaf_count=2316 1824 3649 199 7505 741 444 24
internal_value=0 -0.113395 0.0239867 0.189086 1.55316 2.50093 3.22511
internal_count=16702 14878 11229 8913 1408 667 468
shrinkage=1


Tree=1
num_leaves=8
num_cat=0
split_feature=8 1 6 2 1 2 2
split_gain=1515.46 1036.15 697.838 719.649 686.451 649.301 1067.31
threshold=77.594997406005874 4.5000000000000009 1.0000000180025095e-35 2.5000000000000004 1.0000000180025095e-35 2.5000000000000004 3.5000000000000004
decision_type=2 2 2 2 2 2 2
left_child=1 2 -1 -4 -5 -3 -7
right_child=-2 5 3 4 -6 6 -8
leaf_value=-0.036129990066996263 0.10391726023664599 -0.073772013356900326 -0.039887222100778948 -0.070912777021013465 0.62340057563781737 0.24737945474781506 0.035447364959045567
leaf_count=10455 1824 633 97 29 70 383 3211
internal_value=0 -0.0997874 -0.266036 1.60342 3.50013 0.319119 0.483602
internal_count=16702 14878 10651 196 99 4227 3594
shrinkage=0.12


Tree=2
num_leaves=8
num_cat=0
split_feature=8 1 6 2 1 2 2
split_gain=1187.54 793.854 547.453 557.297 531.587 494.533 836.376
threshold=76.204998016357436 4.5000000000000009 1.0000000180025095e-35 2.5000000000000004 1.0000000180025095e-35 2.5000000000000004 3.5000000000000004
decision_type=2 2 2 2 2 2 2
left_child=1 2 -1 -4 -5 -3 -7
right_child=-2 5 3 4 -6 6 -8
leaf_value=-0.033144247337096824 0.084181058884225335 -0.064919377062558001 -0.035100757952817932 -0.062403245712148725 0.54859249364478246 0.21769392375846444 0.029843658401635276
leaf_count=10220 2135 633 97 29 70 383 3135
internal_value=0 -0.0970827 -0.244453 1.41101 3.08012 0.272711 0.419122
internal_count=16702 14567 10416 196 99 4151 3518
shrinkage=0.12


Tree=3
num_leaves=8
num_cat=0
split_feature=8 2 2 2 1 8 0
split_gain=970.51 805.982 810.802 1762.08 916.075 791.536 485.418
threshold=85.740001678466811 9.5000000000000018 2.5000000000000004 3.5000000000000004 4.5000000000000009 43.954999923706062 6.5000000000000009
decision_type=2 2 2 2 2 2 2
left_child=1 2 -1 5 -5 6 -4
right_child=-2 -3 3 4 -6 -7 -8
leaf_value=-0.053944362658293138 0.17804867896768781 -0.053752226836366816 0.050341705484390258 -0.019456605175768096 0.065893232099067722 -0.019616730872457817 0.24063822844093216
leaf_count=2316 432 3661 250 6352 2533 311 847
internal_value=0 -0.0348789 0.0850512 0.205337 0.0406295 1.2447 1.64392
internal_count=16702 16270 12609 10293 8885 1408 1097
shrinkage=0.12


Tree=4
num_leaves=8
num_cat=0
split_feature=8 2 2 8 8 7 8
split_gain=845.157 426.788 1939.75 662.88 715.381 845.647 1054.28
threshold=70.844997406005874 3.5000000000000004 2.5000000000000004 36.805000305175788 34.145000457763679 0.53499999642372142 34.93499946594239
decision_type=2 2 2 2 2 2 2
left_child=1 2 -1 4 -4 6 -6
right_child=-2 -3 3 -5 5 -7 -8
leaf_value=-0.04724958577713409 0.051066939377140352 -0.027693735858756938 0.14468164541702039 0.053322743161728504 0.79863151902848095 1.1233017299392005 0.11380171104119374
leaf_count=2310 3700 9284 494 741 47 22 104
internal_value=0 -0.116127 0.170168 1.09534 1.81855 3.56858 2.72467
internal_count=16702 13002 3718 1408 667 173 151
shrinkage=0.12


Tree=5
num_leaves=8
num_cat=0
split_feature=8 1 8 2 1 2 2
split_gain=734.177 421.91 590.652 1026.92 359.625 302.444 703.464
threshold=68.575000762939467 3.5000000000000004 90.415000915527358 7.5000000000000009 4.5000000000000009 3.5000000000000004 2.5000000000000004
decision_type=2 2 2 2 2 2 2
left_child=4 2 -2 -4 5 6 -1
right_child=1 -3 3 -5 -6 -7 -8
leaf_value=-0.041254867270325915 0.0015616010557213793 0.086540365849537476 -0.011194602339825731 0.88744369900226594 0.018191576316621331 -0.042302091517749545 0.085072673716879321
leaf_count=1700 2536 1838 47 30 3485 6053 1013
internal_value=0 0.354075 0.0958585 2.82437 -0.120134 -0.228163 0.0492854
internal_count=16702 4451 2613 77 12251 8766 2713
shrinkage=0.12


Tree=6
num_leaves=8
num_cat=0
split_feature=2 2 8 0 0 0 0
split_gain=626.781 582.063 668.878 471.041 1051.43 846.974 429.878
threshold=9.5000000000000018 2.5000000000000004 41.805000305175788 12.500000000000002 17.500000000000004 15.500000000000002 5.5000000000000009
decision_type=2 2 2 2 2 2 2
left_child=1 -1 -3 -4 5 -5 -2
right_child=6 2 3 4 -6 -7 -8
leaf_value=-0.041294783442053735 0.061375430549842035 0.10068464001949404 -0.016460101191587043 0.038517477883778198 -0.013312768755476479 0.18669453010174283 -0.059262134166810913
leaf_count=2334 491 1448 4240 1409 2682 917 3181
internal_value=0 0.108329 0.20706 0.108108 0.31577 0.807789 -0.359426
internal_count=16702 13030 10696 9248 5008 2326 3672
shrinkage=0.12


Tree=7
num_leaves=8
num_cat=0
split_feature=1 8 2 2 8 0 7
split_gain=516.111 700.866 351.08 404.127 321.901 332.73 329.498
threshold=4.5000000000000009 85.740001678466811 2.5000000000000004 9.5000000000000018 43.534999847412116 8.5000000000000018 0.47499999403953558
decision_type=2 2 2 2 2 2 2
left_child=1 -1 -2 4 5 -4 -7
right_child=2 -3 3 -5 -6 6 -8
leaf_value=-0.017436542523424168 -0.049269568631840732 0.16257292150799185 0.029679413830840981 -0.016671810497980954 0.052217720275400108 0.28130313389168843 -0.091837826325343208
leaf_count=11675 628 320 182 1059 2529 270 39
internal_value=0 -0.105286 0.28545 0.392611 0.579002 1.31996 1.95173
internal_count=16702 11995 4707 4079 3020 491 309
shrinkage=0.12


Tree=8
num_leaves=8
num_cat=0
split_feature=2 2 2 1 0 0 0
split_gain=433.074 382.048 496.944 395.566 374.284 626.448 437.172
threshold=9.5000000000000018 2.5000000000000004 3.5000000000000004 4.5000000000000009 12.500000000000002 18.500000000000004 15.500000000000002
decision_type=2 2 2 2 2 2 2
left_child=1 -1 -3 4 -4 6 -6
right_child=-2 2 3 -5 5 -7 -8
leaf_value=-0.033219200057817914 -0.035889476931781746 0.086395361266692519 -0.035006576056500052 0.049792062641957284 0.011644753749229587 -0.033234026191326288 0.12753820317026612
leaf_count=2334 3672 1423 3185 2614 947 1599 928
internal_value=0 0.0897348 0.169723 0.0852855 -0.0441184 0.182887 0.575036
internal_count=16702 13030 10696 9273 6659 3474 1875
shrinkage=0.12


Tree=9
num_leaves=8
num_cat=0
split_feature=8 2 2 8 8 0 0
split_gain=403.169 175.978 681.395 399.885 401.539 338.649 612.245
threshold=68.575000762939467 3.5000000000000004 2.5000000000000004 42.045000076293952 17.319999694824222 5.5000000000000009 1.0000000180025095e-35
decision_type=2 2 2 2 2 2 2
left_child=1 2 -1 4 -4 6 -3
right_child=-2 5 3 -5 -6 -7 -8
leaf_value=-0.029074018717810665 0.031380315185567421 -0.077643879177440103 -0.22560797985563885 -0.023854454793035985 0.13358957506129826 -0.031038737203211059 0.089391296497684833
leaf_count=2328 4451 476 47 408 964 7088 940
internal_value=0 -0.0899065 0.0906499 0.636858 0.974091 -0.169463 0.277009
internal_count=16702 12251 3747 1419 1011 8504 1416
shrinkage=0.12


Tree=10
num_leaves=8
num_cat=0
split_feature=2 0 0 1 1 6 0
split_gain=326.371 241.325 336.437 359.878 238.534 274.796 283.135
threshold=9.5000000000000018 5.5000000000000009 1.0000000180025095e-35 5.5000000000000009 4.5000000000000009 1.0000000180025095e-35 12.500000000000002
decision_type=2 2 2 2 2 2 2
left_child=4 2 -2 -4 5 6 -1
right_child=1 -3 3 -5 -6 -7 -8
leaf_value=-0.02484876906259726 -0.087449674308300016 -0.042345571455236826 0.082157624874525007 0.56426813721656799 0.036293650962408254 0.15033633381648118 0.017364533698266314
leaf_count=4372 178 3208 314 24 3634 172 4800
internal_value=0 -0.250785 0.383945 0.969919 0.0850541 0.000507271 -0.0229767
internal_count=16702 3724 516 338 12978 9344 9172
shrinkage=0.12


Tree=11
num_leaves=8
num_cat=0
split_feature=8 0 0 2 1 8 8
split_gain=284.329 191.297 618.24 293.235 388.097 597.231 263.015
threshold=79.735000610351577 1.0000000180025095e-35 5.5000000000000009 4.5000000000000009 5.5000000000000009 56.284999847412116 75.924999237060561
decision_type=2 2 2 2 2 2 2
left_child=1 -1 3 -3 6 -6 -5
right_child=-2 2 -4 4 5 -7 -8
leaf_value=-0.061104172258814676 0.053577392514879731 -0.0050483440227528324 -0.0088936065629915025 0.075793037469090968 0.75294599489732217 0.10720931599356912 0.48664101331130311
leaf_count=790 1364 482 13037 918 33 55 23
internal_value=0 -0.0299567 -0.00393225 0.601595 0.903098 2.91134 0.715292
internal_count=16702 15338 14548 1511 1029 88 941
shrinkage=0.12


Tree=12
num_leaves=8
num_cat=0
split_feature=2 1 8 2 2 6 8
split_gain=250.079 183.484 365.017 398.637 237.632 232.587 456.959
threshold=9.5000000000000018 4.5000000000000009 85.740001678466811 7.5000000000000009 2.5000000000000004 1.0000000180025095e-35 34.454999923706062
decision_type=2 2 2 2 2 2 2
left_child=1 2 5 -4 -3 -1 -7
right_child=-2 4 3 -5 -6 6 -8
leaf_value=-0.0073507028022527865 -0.026466236160417857 -0.03583568246130775 0.016689947245292144 0.28423121089998044 0.045635423453049766 0.052882577904633112 0.60783455947637566
leaf_count=8837 3724 622 202 133 3012 147 25
internal_value=0 0.0734253 -0.000726346 1.02423 0.264089 -0.0388395 1.11287
internal_count=16702 12978 9344 335 3634 9009 172
shrinkage=0.12


Tree=13
num_leaves=8
num_cat=0
split_feature=2 2 1 8 2 1 8
split_gain=193.661 161.541 138.693 263.419 308.704 232.165 229.833
threshold=9.5000000000000018 1.5000000000000002 4.5000000000000009 85.740001678466811 7.5000000000000009 3.5000000000000004 90.415000915527358
decision_type=2 2 2 2 2 2 2
left_child=1 -1 3 -3 5 -5 -6
right_child=-2 2 -4 4 6 -7 -8
leaf_value=-0.034208930030875245 -0.023290289049957117 -0.00042147864679832169 0.032831731821153294 -0.053202238133813765 0.14851489267450696 0.25847180087458005 0.49502618294495804
leaf_count=1199 3724 8129 3315 158 94 44 39
internal_value=0 0.0646143 0.10021 0.0323006 0.901324 0.122393 2.08436
internal_count=16702 12978 11779 8464 335 202 133
shrinkage=0.12


Tree=14
num_leaves=8
num_cat=0
split_feature=0 0 1 1 2 0 8
split_gain=167.443 423.551 245.129 268.108 213.731 264.001 199.381
threshold=1.0000000180025095e-35 5.5000000000000009 1.0000000180025095e-35 5.5000000000000009 9.5000000000000018 7.5000000000000009 58.965000152587898
decision_type=2 2 2 2 2 2 2
left_child=-1 2 -2 6 5 -3 -4
right_child=1 4 3 -5 -6 -7 -8
leaf_value=-0.053013266948315325 0.17907864438617122 -0.047572367128387902 -0.0099257817633987694 0.20356886439853245 -0.030235434659908259 0.011377230106252668 0.096543434306662124
leaf_count=795 226 1229 776 135 3208 9957 376
internal_value=0 0.0284848 0.531788 0.363117 -0.0244191 0.0408372 0.206872
internal_count=16702 15907 1513 1287 14394 11186 1152
shrinkage=0.12


Tree=15
num_leaves=8
num_cat=0
split_feature=8 2 2 8 8 2 7
split_gain=131.335 196.431 265.139 366.413 393.041 529.436 390.225
threshold=66.145000457763686 4.5000000000000009 2.5000000000000004 36.805000305175788 33.905000686645515 3.5000000000000004 0.19500000029802325
decision_type=2 2 2 2 2 2 2
left_child=1 2 -1 4 -4 6 -6
right_child=-2 -3 3 -5 5 -7 -8
leaf_value=-0.021168667212770078 0.015292277559679145 -0.021893523537682674 0.043571235810955344 0.0056451678850841965 0.23648339067050753 -0.015895041026016497 0.64582777629521759
leaf_count=2265 5209 6311 599 2039 141 94 44
internal_value=0 -0.0639817 0.0802925 0.279614 0.819719 1.80007 2.78201
internal_count=16702 11493 5182 2917 878 279 185
shrinkage=0.12


Tree=16
num_leaves=8
num_cat=0
split_feature=0 0 2 0 0 0 8
split_gain=138.352 255.21 219.145 213.714 339.781 539.542 305.198
threshold=1.0000000180025095e-35 5.5000000000000009 6.5000000000000009 12.500000000000002 17.500000000000004 16.500000000000004 85.740001678466811
decision_type=2 2 2 2 2 2 2
left_child=-1 2 -2 -3 5 -5 -7
right_child=1 3 -4 4 -6 6 -8
leaf_value=-0.04963193106612155 0.003225822201520406 -0.021063823659632781 0.095609069035866773 0.012524548275381533 -0.012640124868984795 0.10255854745733692 0.39543060813708736
leaf_count=785 739 5663 740 3169 4802 749 55
internal_value=0 0.0164434 0.412072 -0.024084 0.0736538 0.289989 1.02161
internal_count=16702 15917 1479 14438 8775 3973 804
shrinkage=0.12


Tree=17
num_leaves=8
num_cat=0
split_feature=0 0 2 0 0 0 6
split_gain=107.14 197.635 169.706 165.5 263.127 417.822 250.197
threshold=1.0000000180025095e-35 5.5000000000000009 6.5000000000000009 12.500000000000002 17.500000000000004 16.500000000000004 1.0000000180025095e-35
decision_type=2 2 2 2 2 2 2
left_child=-1 2 -2 6 5 -5 -3
right_child=1 3 -4 4 -6 -7 -8
leaf_value=-0.043676098144310678 0.0028387250621199444 -0.021574577983109099 0.084135981101240653 0.011021602298337325 -0.01112330945845583 0.1078821284461544 0.19085180030928717
leaf_count=785 739 5582 740 3169 4802 804 81
internal_value=0 0.0144702 0.362624 -0.0211939 0.0648153 0.255191 -0.154468
internal_count=16702 15917 1479 14438 8775 3973 5663
shrinkage=0.12


Tree=18
num_leaves=8
num_cat=0
split_feature=2 0 0 0 1 8 8
split_gain=94.2831 114.408 278.508 381.032 249.628 399.015 167.04
threshold=9.5000000000000018 12.500000000000002 17.500000000000004 16.500000000000004 4.5000000000000009 85.740001678466811 35.664999008178718
decision_type=2 2 2 2 2 2 2
left_child=1 -1 3 -3 5 6 -5
right_child=-2 2 -4 4 -6 -7 -8
leaf_value=-0.0074442735346769602 -0.017334022662275943 0.020439350808430644 -0.0067402240044020286 -0.064522481835805445 0.0040007881794945667 0.52904673906361177 0.16548163061045645
leaf_count=6157 3672 2456 3785 52 177 41 362
internal_value=0 0.0369667 0.125655 0.348519 1.04098 1.43297 1.13827
internal_count=16702 13030 6873 3088 632 455 414
shrinkage=0.12


Tree=19
num_leaves=8
num_cat=0
split_feature=1 6 2 0 8 8 0
split_gain=93.3217 146.481 223.802 265.25 273.626 127.697 130.288
threshold=4.5000000000000009 1.0000000180025095e-35 2.5000000000000004 10.500000000000002 33.465000152587898 84.705001831054702 13.500000000000002
decision_type=2 2 2 2 2 2 2
left_child=1 5 -3 -4 -5 -1 -7
right_child=-2 2 3 4 -6 6 -8
leaf_value=-0.010042541265895292 0.014115414364497744 -0.037285530366934834 0.48034438159316772 -0.17170683145523072 0.30357449567448852 -0.049350275939161123 0.097342176208487494
leaf_count=11409 4658 96 36 33 37 121 312
internal_value=0 -0.0490542 0.795335 1.79704 0.662611 -0.0634577 0.46958
internal_count=16702 12044 202 106 70 11842 433
shrinkage=0.12


end of trees

feature importances:
Column_2=42
Column_8=35
Column_0=34
Column_1=19
Column_6=6
Column_7=4

parameters:
[boosting: gbdt]
[objective: regression]
[metric: rmse]
[tree_learner: serial]
[device_type: cpu]
[data: ]
[valid: ]
[num_iterations: 100]
[learning_rate: 0.12]
[num_leaves: 8]
[num_threads: 0]
[max_depth: -1]
[min_data_in_leaf: 20]
[min_sum_hessian_in_leaf: 0.001]
[bagging_fraction: 0.8]
[bagging_freq: 5]
[bagging_seed: 3]
[feature_fraction: 0.9]
[feature_fraction_seed: 2]
[early_stopping_round: 0]
[max_delta_step: 0]
[lambda_l1: 0]
[lambda_l2: 0]
[min_gain_to_split: 0]
[drop_rate: 0.1]
[max_drop: 50]
[skip_drop: 0.5]
[xgboost_dart_mode: 0]
[uniform_drop: 0]
[drop_seed: 4]
[top_rate: 0.2]
[other_rate: 0.1]
[min_data_per_group: 100]
[max_cat_threshold: 32]
[cat_l2: 10]
[cat_smooth: 10]
[max_cat_to_onehot: 4]
[top_k: 20]
[monotone_constraints: ]
[feature_contri: ]
[forcedsplits_filename: ]
[refit_decay_rate: 0.9]
[verbosity: 0]
[max_bin: 255]
[min_data_in_bin: 3]
[bin_construct_sample_cnt: 200000]
[histogram_pool_size: -1]
[data_random_seed: 1]
[output_model: LightGBM_model.txt]
[snapshot_freq: -1]
[input_model: ]
[output_result: LightGBM_predict_result.txt]
[initscore_filename: ]
[valid_data_initscores: ]
[pre_partition: 0]
[enable_bundle: 1]
[max_conflict_rate: 0]
[is_enable_sparse: 1]
[sparse_threshold: 0.8]
[use_missing: 1]
[zero_as_missing: 0]
[two_round: 0]
[save_binary: 0]
[enable_load_from_binary_file: 1]
[header: 0]
[label_column: ]
[weight_column: ]
[group_column: ]
[ignore_column: ]
[categorical_feature: ]
[predict_raw_score: 0]
[predict_leaf_index: 0]
[predict_contrib: 0]
[num_iteration_predict: -1]
[pred_early_stop: 0]
[pred_early_stop_freq: 10]
[pred_early_stop_margin: 10]
[convert_model_language: ]
[convert_model: gbdt_prediction.cpp]
[num_class: 1]
[is_unbalance: 0]
[scale_pos_weight: 1]
[sigmoid: 1]
[boost_from_average: 1]
[reg_sqrt: 0]
[alpha: 0.9]
[fair_c: 1]
[poisson_max_delta_step: 0.7]
[tweedie_variance_power: 1.5]
[max_position: 20]
[label_gain: ]
[metric_freq: 1]
[is_provide_training_metric: 0]
[eval_at: ]
[num_machines: 1]
[local_listen_port: 12400]
[time_out: 120]
[machine_list_filename: ]
[machines: ]
[gpu_platform_id: -1]
[gpu_device_id: -1]
[gpu_use_dp: 0]

end of parameters

pandas_categorical:null
