tree
version=v2
num_class=1
num_tree_per_iteration=1
label_index=0
max_feature_idx=8
objective=regression
feature_names=Column_0 Column_1 Column_2 Column_3 Column_4 Column_5 Column_6 Column_7 Column_8
feature_infos=[0:23] [0:6] [1:12] [0:2] none [0:1] [0:1] [0:1] [-7.940000057220459:95.800003051757812]
tree_sizes=691 702 734 703 733 702 702 706 706 701 707 710 736 719 709 726 708 706 708 708

Tree=0
num_leaves=8
num_cat=0
split_feature=0 0 2 0 0 2 8
split_gain=86699.7 61608 4662.72 2983.21 2230.35 1942.98 755.267
threshold=5.5000000000000009 1.0000000180025095e-35 3.5000000000000004 1.5000000000000002 3.5000000000000004 6.5000000000000009 61.315000534057624
decision_type=2 2 2 2 2 2 2
left_child=1 -1 3 -3 6 -6 -4
right_child=-2 2 4 -5 5 -7 -8
leaf_value=1.0514368183066896 1.0275937202520327 2.3740891343841124 2.6168223473752628 1.6925707474096194 2.0660842390696268 2.5550410051395849 2.9614172190220858
leaf_count=827 15153 183 226 187 188 310 154
internal_value=0 6.05123 10.4869 7.50931 11.7416 10.3494 13.5662
internal_count=17228 2075 1248 370 878 498 380
shrinkage=1


Tree=1
num_leaves=8
num_cat=0
split_feature=0 0 2 0 0 1 2
split_gain=67140.2 47709.2 3610.81 2310.2 1727.18 5496.06 2070.48
threshold=5.5000000000000009 1.0000000180025095e-35 3.5000000000000004 1.5000000000000002 3.5000000000000004 4.5000000000000009 6.5000000000000009
decision_type=2 2 2 2 2 2 2
left_child=1 -1 3 -3 -4 6 -6
right_child=-2 2 4 -5 5 -7 -8
leaf_value=-0.067841097080433677 -0.088823027301043522 1.096092909046861 1.4325915386174852 0.49635674474073599 0.93435178747113112 0.28234681042199278 1.4986331944238571
leaf_count=827 15153 183 380 187 149 97 252
internal_value=0 5.32508 9.22843 6.60819 10.3326 9.10746 10.7414
internal_count=17228 2075 1248 370 878 498 401
shrinkage=0.12


Tree=2
num_leaves=8
num_cat=0
split_feature=8 3 1 2 2 8 8
split_gain=997.841 621.305 319.919 221.994 1322.73 462.593 213.625
threshold=74.235000610351577 1.0000000180025095e-35 1.0000000180025095e-35 8.5000000000000018 6.5000000000000009 27.23499965667725 71.155002593994155
decision_type=2 2 2 2 2 2 2
left_child=1 2 -1 4 -4 -5 -6
right_child=-2 -3 3 5 6 -7 -8
leaf_value=-0.027664605854620924 -0.068727024563701986 -0.090110714588581997 0.017278739363702826 0.14095011175592098 0.19589479224696912 -0.012136090119935309 0.074658283787554708
leaf_count=1951 2652 821 7031 310 752 3421 290
internal_value=0 0.0941462 0.144586 0.206588 0.299817 0.00486235 1.35128
internal_count=17228 14576 13755 11804 8073 3731 1042
shrinkage=0.12


Tree=3
num_leaves=8
num_cat=0
split_feature=0 0 2 0 0 1 2
split_gain=51498.2 36715.2 2749.18 1786.33 1332.55 4275.9 1572.38
threshold=5.5000000000000009 1.0000000180025095e-35 3.5000000000000004 1.5000000000000002 3.5000000000000004 4.5000000000000009 6.5000000000000009
decision_type=2 2 2 2 2 2 2
left_child=1 -1 3 -3 -4 6 -6
right_child=-2 2 4 -5 5 -7 -8
leaf_value=-0.060320208427679808 -0.077673526986197325 0.9628419496583156 1.2555240071400215 0.43547035065245498 0.82106100527332126 0.24221210974623858 1.3128048858898027
leaf_count=827 15153 183 380 187 149 97 252
internal_value=0 4.66469 8.08889 5.80255 9.05238 7.97623 9.41739
internal_count=17228 2075 1248 370 878 498 401
shrinkage=0.12


Tree=4
num_leaves=8
num_cat=0
split_feature=8 3 1 2 2 8 8
split_gain=604.508 396.164 212.666 151.388 691.803 322.629 222.225
threshold=76.24499893188478 1.0000000180025095e-35 1.0000000180025095e-35 8.5000000000000018 6.5000000000000009 27.23499965667725 71.155002593994155
decision_type=2 2 2 2 2 2 2
left_child=1 2 -1 4 -4 -5 -6
right_child=-2 -3 3 5 6 -7 -8
leaf_value=-0.023513292299386462 -0.060813660466372828 -0.06807143828215384 0.013219742992809038 0.11599794654659326 0.15125317497020391 -0.011759861140680847 0.047268527960023059
leaf_count=2013 2119 934 7133 310 752 3479 488
internal_value=0 0.0635613 0.105127 0.154959 0.230011 -0.0108938 0.919418
internal_count=17228 15109 14175 12162 8373 3789 1240
shrinkage=0.12


Tree=5
num_leaves=8
num_cat=0
split_feature=0 0 0 1 2 8 8
split_gain=41363.9 27844.9 2050.37 3333.45 1830.76 678.022 455.478
threshold=5.5000000000000009 1.0000000180025095e-35 1.5000000000000002 4.5000000000000009 6.5000000000000009 25.875000000000004 72.094997406005874
decision_type=2 2 2 2 2 2 2
left_child=1 -1 -3 4 5 -4 -6
right_child=-2 2 3 -5 6 -7 -8
leaf_value=-0.050776091447582945 -0.067679615264747625 1.0137752819122725 0.25892153454678396 0.17330567609601552 1.0217949288356596 0.7207082865960095 1.6172834672927856
leaf_count=810 15128 582 56 135 246 251 20
internal_value=0 4.17218 7.05761 5.91456 6.96778 5.30395 8.88807
internal_count=17228 2100 1290 708 573 307 266
shrinkage=0.12


Tree=6
num_leaves=8
num_cat=0
split_feature=0 0 8 0 8 7 8
split_gain=32032.2 21563.1 1628.15 1251.13 703.395 612.884 391.114
threshold=5.5000000000000009 1.0000000180025095e-35 47.645000457763679 1.5000000000000002 72.825000762939467 0.21499999612569812 73.795001983642592
decision_type=2 2 2 2 2 2 2
left_child=1 -1 3 -3 -4 -5 -6
right_child=-2 2 4 5 6 -7 -8
leaf_value=-0.044682961474345237 -0.059558060300728036 0.79955997055563433 0.84146440289262181 0.42013247278226901 1.7052234310805796 0.98607881736755365 1.0579449622078638
leaf_count=810 15128 290 571 338 20 30 41
internal_value=0 3.67152 6.2107 5.10967 7.35702 3.88558 10.5847
internal_count=17228 2100 1290 658 632 368 61
shrinkage=0.12


Tree=7
num_leaves=8
num_cat=0
split_feature=0 0 0 1 2 8 7
split_gain=24805.8 16698.4 1332.27 2527.66 1389.41 513.822 475.178
threshold=5.5000000000000009 1.0000000180025095e-35 1.5000000000000002 4.5000000000000009 7.5000000000000009 25.875000000000004 0.10500000044703485
decision_type=2 2 2 2 2 2 2
left_child=1 -1 -3 4 5 -4 -6
right_child=-2 2 3 -5 6 -7 -8
leaf_value=-0.039321004603747968 -0.052411094677869953 0.79035450465746759 0.17622231372765132 0.078156076543860961 0.83871271558562099 0.5720848039597074 1.4527475953102111
leaf_count=810 15128 582 56 135 196 301 20
internal_value=0 3.23094 5.46541 4.54402 5.46115 4.24991 7.46306
internal_count=17228 2100 1290 708 573 357 216
shrinkage=0.12


Tree=8
num_leaves=8
num_cat=0
split_feature=0 0 2 0 0 1 7
split_gain=19209.6 12931.3 1104.46 650.718 572.595 1443.33 726.814
threshold=5.5000000000000009 1.0000000180025095e-35 3.5000000000000004 1.5000000000000002 3.5000000000000004 4.5000000000000009 0.42499999701976782
decision_type=2 2 2 2 2 2 2
left_child=1 -1 3 -3 -4 6 -6
right_child=-2 2 4 -5 5 -7 -8
leaf_value=-0.034602484492240126 -0.046121762936456111 0.56516602518358783 0.75918479273233874 0.25393099729960061 0.61371593920189438 0.11791318114327136 1.2263334511518478
leaf_count=810 15128 191 391 196 396 86 30
internal_value=0 2.84322 4.80956 3.39615 5.41531 4.71943 5.47382
internal_count=17228 2100 1290 387 903 512 426
shrinkage=0.12


Tree=9
num_leaves=8
num_cat=0
split_feature=0 0 8 0 8 2 7
split_gain=14875.9 10014 1008.32 589.643 519.025 381.696 380.045
threshold=5.5000000000000009 1.0000000180025095e-35 47.645000457763679 1.5000000000000002 72.825000762939467 7.5000000000000009 0.21499999612569812
decision_type=2 2 2 2 2 2 2
left_child=1 -1 3 -3 -4 -6 -5
right_child=-2 2 4 6 5 -7 -8
leaf_value=-0.030450187260629952 -0.040587151206311747 0.53187825985612547 0.58059929974598978 0.2667421406613299 0.67235476103695946 1.2747328576019832 0.71240201894938937
leaf_count=810 15128 290 571 338 33 28 30
internal_value=0 2.50204 4.23242 3.36595 5.13453 7.90713 2.52561
internal_count=17228 2100 1290 658 632 61 368
shrinkage=0.12


Tree=10
num_leaves=8
num_cat=0
split_feature=0 0 2 0 1 0 2
split_gain=10856.9 8081.03 910.612 970.063 408.039 1090.69 313.363
threshold=5.5000000000000009 1.0000000180025095e-35 6.5000000000000009 1.5000000000000002 4.5000000000000009 3.5000000000000004 11.500000000000002
decision_type=2 2 2 2 2 2 2
left_child=1 -1 3 -3 6 -6 -4
right_child=-2 2 4 -5 5 -7 -8
leaf_value=-0.038203768869998253 -0.035481142171057183 0.5021509480489188 0.66620218225188488 0.22591122378002512 0.65609485275774115 -0.036781121674511162 0.36919839084148404
leaf_count=820 15130 349 347 385 83 54 60
internal_value=0 2.13177 3.70384 2.97714 4.68434 3.19159 5.18682
internal_count=17228 2098 1278 734 544 137 407
shrinkage=0.12


Tree=11
num_leaves=8
num_cat=0
split_feature=0 0 8 0 1 2 8
split_gain=8407.61 6257.95 791.474 496.133 724.543 635.603 296.153
threshold=5.5000000000000009 1.0000000180025095e-35 61.315000534057624 1.5000000000000002 4.5000000000000009 7.5000000000000009 62.815000534057624
decision_type=2 2 2 2 2 2 2
left_child=1 -1 3 -3 5 -5 -4
right_child=-2 2 6 4 -6 -7 -8
leaf_value=-0.033619318740942129 -0.031223406721997245 0.43450344105895894 0.88284165613991872 0.22594382878818314 -0.022799830973148343 0.53453808342417075 0.51324452818883748
leaf_count=820 15130 416 35 289 105 144 289
internal_value=0 1.87595 3.25938 2.80076 2.16662 2.73809 4.60975
internal_count=17228 2098 1278 954 538 433 324
shrinkage=0.12


Tree=12
num_leaves=8
num_cat=0
split_feature=1 8 3 2 8 2 2
split_gain=91.6779 98.9452 74.298 63.4152 54.6637 58.37 64.4391
threshold=2.5000000000000004 10.179999828338625 1.0000000180025095e-35 5.5000000000000009 74.014999389648452 8.5000000000000018 6.5000000000000009
decision_type=2 2 2 2 2 2 2
left_child=1 -1 4 -3 5 6 -2
right_child=2 3 -4 -5 -6 -7 -8
leaf_value=0.17798281994462015 0.016242639758099035 -0.023481848138028432 -0.027508796502466071 -0.00095019821760958278 -0.013093380163300713 -0.00074597337701741385 0.055452265699789151
leaf_count=40 4677 3319 803 3927 1219 2550 693
internal_value=0 -0.0852644 0.0623974 -0.0939227 0.0880222 0.118364 0.177522
internal_count=17228 7286 9942 7246 9139 7920 5370
shrinkage=0.12


Tree=13
num_leaves=8
num_cat=0
split_feature=1 7 8 1 2 8 8
split_gain=73.7409 86.103 73.4483 192.255 56.6179 169.424 95.6752
threshold=4.5000000000000009 0.9350000023841859 56.465000152587898 5.5000000000000009 4.5000000000000009 54.135000228881843 29.425000190734867
decision_type=2 2 2 2 2 2 2
left_child=-1 4 -3 -4 5 -2 -6
right_child=1 2 3 -5 6 -7 -8
leaf_value=-0.0050129224632244731 0.011330797859514602 0.050998195578732829 0.49079767891338894 -0.022685133474213737 0.10241153364658356 0.11829316502594085 -0.0047713628856209216
leaf_count=12246 1485 127 21 21 125 249 2954
internal_value=0 0.102528 0.804099 1.95047 0.0778933 0.22242 -0.00349996
internal_count=17228 4982 169 42 4813 1734 3079
shrinkage=0.12


Tree=14
num_leaves=8
num_cat=0
split_feature=0 0 8 0 1 2 8
split_gain=6477.83 4830.65 626.653 448.96 422.145 363.17 310.969
threshold=5.5000000000000009 1.0000000180025095e-35 52.784999847412116 1.5000000000000002 4.5000000000000009 9.5000000000000018 41.645000457763679
decision_type=2 2 2 2 2 2 2
left_child=1 -1 3 -3 5 6 -5
right_child=-2 2 -4 4 -6 -7 -8
leaf_value=-0.029722068695783067 -0.027405456999548255 0.37853193700855431 0.44441503963153628 0.26997318264383535 -0.040399549385804805 0.44382944442258021 -0.022238672941545894
leaf_count=820 15130 330 523 156 89 101 79
internal_value=0 1.64666 2.86212 2.27931 1.59981 2.11274 1.43117
internal_count=17228 2098 1278 755 425 336 235
shrinkage=0.12


Tree=15
num_leaves=8
num_cat=0
split_feature=1 8 2 2 8 8 8
split_gain=91.7858 79.4254 81.9599 79.7811 120.753 123.472 89.8124
threshold=4.5000000000000009 69.295001983642592 2.5000000000000004 8.5000000000000018 28.785000801086429 20.489999771118168 38.07500076293946
decision_type=2 2 2 2 2 2 2
left_child=-1 2 -2 6 5 -5 -4
right_child=1 -3 3 4 -6 -7 -8
leaf_value=-0.0051871123684772286 -0.0089975945676202002 -0.013272319175366882 -0.010312233829397267 -0.029178082802417602 -0.0021271543812749166 0.22807133452075978 0.062753007166115121
leaf_count=12249 906 1166 295 44 1144 69 1355
internal_value=0 0.117796 0.187639 0.269487 0.0796846 1.06586 0.414082
internal_count=17228 4979 3813 2907 1257 113 1650
shrinkage=0.12


Tree=16
num_leaves=8
num_cat=0
split_feature=0 0 2 0 1 1 0
split_gain=5201.31 3908.68 1048.55 420.729 342.035 458.322 683.699
threshold=5.5000000000000009 1.0000000180025095e-35 3.5000000000000004 1.5000000000000002 5.5000000000000009 4.5000000000000009 3.5000000000000004
decision_type=2 2 2 2 2 2 2
left_child=1 -1 3 -3 5 -4 -7
right_child=-2 2 4 -5 -6 6 -8
leaf_value=-0.02724377898308741 -0.024063241225999538 0.27142943576458961 0.40138945038024726 0.018195824348367751 0.61337742098842762 0.46576779504005722 -0.047402458477934652
leaf_count=811 15151 186 652 192 83 65 88
internal_value=0 1.48694 2.58491 1.19002 3.17868 2.97939 1.42176
internal_count=17228 2077 1266 378 888 805 153
shrinkage=0.12


Tree=17
num_leaves=8
num_cat=0
split_feature=0 0 2 0 8 8 8
split_gain=4027.89 3026.88 811.997 325.813 291.372 578.797 339.045
threshold=5.5000000000000009 1.0000000180025095e-35 3.5000000000000004 1.5000000000000002 61.315000534057624 59.764999389648445 62.815000534057624
decision_type=2 2 2 2 2 2 2
left_child=1 -1 3 -3 5 -4 -6
right_child=-2 2 4 -5 6 -7 -8
leaf_value=-0.023974525997582846 -0.021175651708628253 0.23885789276130737 0.3113474075766598 0.01601233173627406 0.7837874814780319 -0.23927767642613113 0.38374484145891558
leaf_count=811 15151 186 528 192 34 29 297
internal_value=0 1.30851 2.27472 1.04722 2.79724 2.35566 3.54031
internal_count=17228 2077 1266 378 888 557 331
shrinkage=0.12


Tree=18
num_leaves=8
num_cat=0
split_feature=0 0 2 8 8 7 1
split_gain=3119.2 2344.02 659.864 247.439 432.455 273.251 266.08
threshold=5.5000000000000009 1.0000000180025095e-35 2.5000000000000004 61.315000534057624 59.764999389648445 0.095000002533197417 5.5000000000000009
decision_type=2 2 2 2 2 2 2
left_child=1 -1 -3 4 -4 6 -5
right_child=-2 2 3 5 -6 -7 -8
leaf_value=-0.021097582946686504 -0.018634574349705797 0.071832233425018918 0.26323066313869098 0.3697698935666191 -0.2105643631672037 0.057062671221792698 0.75241762740858664
leaf_count=811 15151 265 639 268 29 36 29
internal_value=0 1.15149 2.00175 2.37322 2.02218 3.07739 3.39277
internal_count=17228 2077 1266 1001 668 333 297
shrinkage=0.12


Tree=19
num_leaves=8
num_cat=0
split_feature=0 0 2 1 1 0 8
split_gain=2415.51 1815.21 510.998 197.845 349.527 781.787 288.098
threshold=5.5000000000000009 1.0000000180025095e-35 2.5000000000000004 5.5000000000000009 4.5000000000000009 1.5000000000000002 63.555000305175788
decision_type=2 2 2 2 2 2 2
left_child=1 -1 -3 4 6 -6 -4
right_child=-2 2 3 -5 5 -7 -8
leaf_value=-0.01856587230396697 -0.016398425125720106 0.063212359623245465 0.22319946844215419 0.419316315975163 0.37879334744569415 -0.13355552073787241 0.39051986051840909
leaf_count=811 15151 265 528 91 74 102 206
internal_value=0 1.01331 1.76154 2.08843 1.94784 0.682199 2.25132
internal_count=17228 2077 1266 1001 910 176 734
shrinkage=0.12


end of trees

feature importances:
Column_0=50
Column_8=34
Column_2=28
Column_1=19
Column_7=6
Column_3=3

parameters:
[boosting: gbdt]
[objective: regression]
[metric: rmse]
[tree_learner: serial]
[device_type: cpu]
[data: ]
[valid: ]
[num_iterations: 100]
[learning_rate: 0.12]
[num_leaves: 8]
[num_threads: 0]
[max_depth: -1]
[min_data_in_leaf: 20]
[min_sum_hessian_in_leaf: 0.001]
[bagging_fraction: 0.8]
[bagging_freq: 5]
[bagging_seed: 3]
[feature_fraction: 0.9]
[feature_fraction_seed: 2]
[early_stopping_round: 0]
[max_delta_step: 0]
[lambda_l1: 0]
[lambda_l2: 0]
[min_gain_to_split: 0]
[drop_rate: 0.1]
[max_drop: 50]
[skip_drop: 0.5]
[xgboost_dart_mode: 0]
[uniform_drop: 0]
[drop_seed: 4]
[top_rate: 0.2]
[other_rate: 0.1]
[min_data_per_group: 100]
[max_cat_threshold: 32]
[cat_l2: 10]
[cat_smooth: 10]
[max_cat_to_onehot: 4]
[top_k: 20]
[monotone_constraints: ]
[feature_contri: ]
[forcedsplits_filename: ]
[refit_decay_rate: 0.9]
[verbosity: 0]
[max_bin: 255]
[min_data_in_bin: 3]
[bin_construct_sample_cnt: 200000]
[histogram_pool_size: -1]
[data_random_seed: 1]
[output_model: LightGBM_model.txt]
[snapshot_freq: -1]
[input_model: ]
[output_result: LightGBM_predict_result.txt]
[initscore_filename: ]
[valid_data_initscores: ]
[pre_partition: 0]
[enable_bundle: 1]
[max_conflict_rate: 0]
[is_enable_sparse: 1]
[sparse_threshold: 0.8]
[use_missing: 1]
[zero_as_missing: 0]
[two_round: 0]
[save_binary: 0]
[enable_load_from_binary_file: 1]
[header: 0]
[label_column: ]
[weight_column: ]
[group_column: ]
[ignore_column: ]
[categorical_feature: ]
[predict_raw_score: 0]
[predict_leaf_index: 0]
[predict_contrib: 0]
[num_iteration_predict: -1]
[pred_early_stop: 0]
[pred_early_stop_freq: 10]
[pred_early_stop_margin: 10]
[convert_model_language: ]
[convert_model: gbdt_prediction.cpp]
[num_class: 1]
[is_unbalance: 0]
[scale_pos_weight: 1]
[sigmoid: 1]
[boost_from_average: 1]
[reg_sqrt: 0]
[alpha: 0.9]
[fair_c: 1]
[poisson_max_delta_step: 0.7]
[tweedie_variance_power: 1.5]
[max_position: 20]
[label_gain: ]
[metric_freq: 1]
[is_provide_training_metric: 0]
[eval_at: ]
[num_machines: 1]
[local_listen_port: 12400]
[time_out: 120]
[machine_list_filename: ]
[machines: ]
[gpu_platform_id: -1]
[gpu_device_id: -1]
[gpu_use_dp: 0]

end of parameters

pandas_categorical:null
