tree
version=v2
num_class=1
num_tree_per_iteration=1
label_index=0
max_feature_idx=8
objective=regression
feature_names=Column_0 Column_1 Column_2 Column_3 Column_4 Column_5 Column_6 Column_7 Column_8
feature_infos=[0:23] [0:6] [1:12] [0:2] none [0:1] [0:1] [0:1] [-9.5399999618530273:95.800003051757812]
tree_sizes=703 718 713 715 718 719 727 723 733 714 722 723 729 725 729 724 720 739 718

Tree=0
num_leaves=8
num_cat=0
split_feature=0 2 8 2 2 8 8
split_gain=447.416 52.7244 152.543 91.6906 116.198 84.7108 75.9749
threshold=5.5000000000000009 4.5000000000000009 58.215000152587898 3.5000000000000004 2.5000000000000004 61.364999771118171 33.674999237060554
decision_type=2 2 2 2 2 2 2
left_child=-1 2 -2 4 -4 -6 -3
right_child=1 6 3 -5 5 -7 -8
leaf_value=0.3904345610685121 0.32882846345389177 0.35971629292989382 0.37376280933960415 0.36776859263227207 0.42685804798831395 0.71339651303427953 0.31723134627690741
leaf_count=1686 5070 649 63 313 24 39 9175
internal_value=0 -0.0529117 0.0253952 0.590894 1.3112 2.27152 -0.0968238
internal_count=17019 15333 5509 439 126 63 9824
shrinkage=1


Tree=1
num_leaves=8
num_cat=0
split_feature=0 1 2 2 8 2 8
split_gain=346.479 165.499 101.105 100.082 237.654 105.229 81.775
threshold=5.5000000000000009 4.5000000000000009 11.500000000000002 4.5000000000000009 58.215000152587898 3.5000000000000004 28.015000343322757
decision_type=2 2 2 2 2 2 2
left_child=-1 -2 3 4 -3 -6 -4
right_child=1 2 6 -5 5 -7 -8
leaf_value=0.051724365962357709 -0.013448615712418005 0.01830586954480062 0.18736035836370368 -0.0060264096231171576 0.42462419759143477 0.13797303105655467 0.045349549310547958
leaf_count=1686 10971 1423 76 2475 22 114 252
internal_value=0 -0.0465623 0.118203 0.0747904 0.273252 1.53619 0.652121
internal_count=17019 15333 4362 4034 1559 136 328
shrinkage=0.12


Tree=2
num_leaves=8
num_cat=0
split_feature=1 7 2 8 8 8 2
split_gain=135.027 64.9541 69.0754 62.6035 163.696 53.76 53.3572
threshold=4.5000000000000009 0.35500000417232519 11.500000000000002 28.015000343322757 18.025000572204593 10.420000076293947 4.5000000000000009
decision_type=2 2 2 2 2 2 2
left_child=5 2 -2 4 -4 -1 -3
right_child=1 6 3 -5 -6 -7 -8
leaf_value=0.086251197088970222 0.0082537969836210881 0.10833640205922551 -0.047233902017275495 0.032996622618142658 0.28311582777235239 -0.0073562421438028124 0.02571123588694273
leaf_count=89 4067 191 36 231 54 12077 274
internal_value=0 0.141691 0.10403 0.550624 1.25813 -0.0555955 0.497081
internal_count=17019 4853 4388 321 90 12166 465
shrinkage=0.12


Tree=3
num_leaves=8
num_cat=0
split_feature=0 1 2 2 8 8 8
split_gain=266.669 100.095 64.88 72.5088 185.197 93.1848 141.688
threshold=5.5000000000000009 4.5000000000000009 11.500000000000002 4.5000000000000009 58.215000152587898 66.18500137329103 63.155000686645515
decision_type=2 2 2 2 2 2 2
left_child=-1 -2 3 4 -3 6 -6
right_child=1 2 -4 -5 5 -7 -8
leaf_value=0.045368480101174724 -0.011024726404985965 0.013776772018058653 0.061789763529853124 -0.006476520994937781 0.12568023125330607 0.014268114067787347 0.44253313684463502
leaf_count=1686 10971 1423 328 2475 63 43 30
internal_value=0 -0.0409264 0.0872103 0.0524342 0.221358 1.33624 1.89909
internal_count=17019 15333 4362 4034 1559 136 93
shrinkage=0.12


Tree=4
num_leaves=8
num_cat=0
split_feature=1 7 2 8 8 8 8
split_gain=82.4139 50.1932 41.6075 50.1199 91.7579 52.6153 40.9181
threshold=4.5000000000000009 0.35500000417232519 11.500000000000002 30.649999618530277 18.025000572204593 26.714999198913578 10.420000076293947
decision_type=2 2 2 2 2 2 2
left_child=6 2 -2 4 -4 -6 -1
right_child=1 -3 3 -5 5 -7 -8
leaf_value=0.075855376023924753 0.0060274298043194756 0.050772166190608856 -0.048706917961438494 0.014021301412582397 0.26888403395811716 0.079732225164771076 -0.0058100421241925448
leaf_count=89 4067 465 36 200 45 40 12077
internal_value=0 0.110692 0.0775855 0.424192 0.932205 1.49893 -0.0434385
internal_count=17019 4853 4388 321 121 85 12166
shrinkage=0.12


Tree=5
num_leaves=8
num_cat=0
split_feature=0 1 2 8 8 0 2
split_gain=227.216 54.6167 55.9962 61.6519 158.023 154.499 55.7083
threshold=3.5000000000000004 4.5000000000000009 11.500000000000002 29.454999923706058 22.559999465942386 11.500000000000002 4.5000000000000009
decision_type=2 2 2 2 2 2 2
left_child=-1 -2 6 4 -4 -6 -3
right_child=1 2 3 -5 5 -7 -8
leaf_value=0.060411605005440079 -0.0069902172523700944 0.021738377064198951 -0.015330269572869787 0.021161675598441052 0.024790573364921978 0.44367857482284306 -0.0064601037554729672
leaf_count=868 11590 1671 53 238 21 32 2546
internal_value=0 -0.0217721 0.0709269 0.458873 1.09322 2.3142 0.0392803
internal_count=17019 16151 4561 344 106 53 4217
shrinkage=0.12


Tree=6
num_leaves=8
num_cat=0
split_feature=0 0 7 7 3 0 2
split_gain=188.477 64.3025 55.8286 71.1803 32.8446 25.3306 32.8896
threshold=5.5000000000000009 12.500000000000002 0.9350000023841859 0.98500001430511486 1.0000000180025095e-35 1.0000000180025095e-35 8.5000000000000018
decision_type=2 2 2 2 2 2 2
left_child=2 -2 5 -4 -3 6 -1
right_child=1 4 3 -5 -6 -7 -8
leaf_value=0.063594409956651568 -0.013539559042158845 0.0050311204996205169 0.32905987058367048 0.059529844439306923 -0.017074270525770464 0.019356501352828747 0.0094707818732068343
leaf_count=595 5904 8281 21 43 1096 857 222
internal_value=0 -0.0310779 0.316454 1.23308 0.020395 0.28141 0.407397
internal_count=17019 15281 1738 64 9377 1674 817
shrinkage=0.12


Tree=7
num_leaves=8
num_cat=0
split_feature=0 0 7 1 1 2 8
split_gain=145.957 49.7959 46.345 107.313 29.9201 28.0328 139.96
threshold=5.5000000000000009 12.500000000000002 0.47499999403953558 4.5000000000000009 4.5000000000000009 3.5000000000000004 52.245000839233406
decision_type=2 2 2 2 2 2 2
left_child=2 4 -1 -4 -2 6 -3
right_child=1 5 3 -5 -6 -7 -8
leaf_value=0.027753794200142422 -0.017302253040569749 0.0044278330831829223 0.033650637567043305 0.27190088529335821 0.0016307564685121179 -0.0018238372693784436 0.1065287937824195
leaf_count=1604 4224 2309 96 38 1680 6857 211
internal_value=0 -0.0273486 0.27848 0.843451 -0.0992901 0.0179476 0.10814
internal_count=17019 15281 1738 134 5904 9377 2520
shrinkage=0.12


Tree=8
num_leaves=8
num_cat=0
split_feature=0 7 1 6 2 2 2
split_gain=115.673 46.2583 36.8601 44.5854 43.7132 39.4983 103.399
threshold=3.5000000000000004 0.97500002384185802 4.5000000000000009 1.0000000180025095e-35 11.500000000000002 4.5000000000000009 2.5000000000000004
decision_type=2 2 2 2 2 2 2
left_child=1 -1 3 -2 5 6 -4
right_child=2 -3 4 -5 -6 -7 -8
leaf_value=0.038722686092011897 -0.006524503409086389 0.21901815684778347 -0.012393687081131945 0.047537440886454924 0.048387059020636558 -0.0055089741598782537 0.047327063321250043
leaf_count=847 11366 21 814 224 344 2546 857
internal_value=0 0.359039 -0.0156951 -0.0456637 0.0604585 0.0324974 0.151959
internal_count=17019 868 16151 11590 4561 4217 1671
shrinkage=0.12


Tree=9
num_leaves=8
num_cat=0
split_feature=0 0 7 8 8 8 2
split_gain=95.1512 38.5914 32.4145 58.3532 24.737 31.3342 22.6703
threshold=5.5000000000000009 12.500000000000002 0.65500000119209301 37.48500061035157 29.134999275207523 28.765000343322757 5.5000000000000009
decision_type=2 2 2 2 2 2 2
left_child=2 -2 -1 -4 5 -3 -5
right_child=1 4 3 6 -6 -7 -8
leaf_value=0.022706535069202703 -0.010265098969694379 0.017066924101040687 0.27541827687621118 0.1117765674757403 0.00027774420762469219 0.12615062472224237 -0.0087957679084006771
leaf_count=1628 5904 729 20 43 8608 40 47
internal_value=0 -0.0222098 0.22472 0.750103 0.0176661 0.189508 0.406758
internal_count=17019 15281 1738 110 9377 769 90
shrinkage=0.12


Tree=10
num_leaves=8
num_cat=0
split_feature=0 1 2 1 0 5 0
split_gain=70.1883 23.195 37.7843 34.8443 38.0771 46.8496 41.3239
threshold=5.5000000000000009 4.5000000000000009 11.500000000000002 5.5000000000000009 11.500000000000002 1.0000000180025095e-35 14.500000000000002
decision_type=2 2 2 2 2 2 2
left_child=-1 -2 -3 4 -4 6 -6
right_child=1 2 3 -5 5 -7 -8
leaf_value=0.023032212270224197 -0.0057355973392773773 0.0014018133932380316 -0.0018243828729579323 0.0012221922529371159 0.30189592838287355 -0.016512303187929348 0.11397806271910667
leaf_count=1680 10998 4009 57 152 22 29 72
internal_value=0 -0.0233659 0.0385298 0.362727 0.66043 0.973528 1.31632
internal_count=17019 15339 4341 332 180 123 94
shrinkage=0.12


Tree=11
num_leaves=8
num_cat=0
split_feature=0 8 5 2 1 1 0
split_gain=54.3538 27.3219 27.1187 28.2908 61.3405 120.551 131.376
threshold=5.5000000000000009 33.254999160766609 1.0000000180025095e-35 11.500000000000002 4.5000000000000009 5.5000000000000009 11.500000000000002
decision_type=2 2 2 2 2 2 2
left_child=-1 2 3 -2 -5 6 -6
right_child=1 -3 -4 4 5 -7 -8
leaf_value=0.020268346747948918 -0.0016701518753258671 -0.0046518627348859521 0.051356673042963048 0.0027587049269894941 0.01675773405309381 -0.008557339954376221 0.35221313148736955
leaf_count=1680 1733 12933 202 327 29 75 40
internal_value=0 -0.020562 0.0772876 0.0451468 0.26247 0.80629 1.76021
internal_count=17019 15339 2406 2204 471 144 69
shrinkage=0.12


Tree=12
num_leaves=8
num_cat=0
split_feature=8 7 1 2 2 8 2
split_gain=27.5325 83.7976 19.7335 54.3861 126.215 83.8661 129.143
threshold=33.254999160766609 0.55500000715255748 4.5000000000000009 4.5000000000000009 2.5000000000000004 41.795000076293952 3.5000000000000004
decision_type=2 2 2 2 2 2 2
left_child=1 -1 -2 4 -4 -6 -7
right_child=2 -3 3 -5 5 6 -8
leaf_value=0.0086159560886131317 -0.0051326283318314896 0.21726259461471012 -0.021969316308915104 -0.0041978628511282652 0.0053880396040517893 0.20453629490402009 0.053583100258545603
leaf_count=2758 10218 28 467 2838 268 108 334
internal_value=0 0.0892742 -0.0194312 0.0399698 0.220695 0.486275 0.753897
internal_count=17019 2786 14233 4015 1177 710 442
shrinkage=0.12


Tree=13
num_leaves=8
num_cat=0
split_feature=8 7 1 2 2 8 8
split_gain=21.3212 64.8928 15.2816 42.1166 97.7405 72.1044 143.437
threshold=33.254999160766609 0.55500000715255748 4.5000000000000009 4.5000000000000009 2.5000000000000004 61.864999771118171 66.18500137329103
decision_type=2 2 2 2 2 2 2
left_child=1 -1 -2 4 -4 -6 -7
right_child=2 -3 3 -5 5 6 -8
leaf_value=0.0075820412800159031 -0.0045167134758041256 0.19119108464036669 -0.019332998003292131 -0.0036941194148383733 0.037153906714027893 0.30577214324338869 -0.0042624303272792274
leaf_count=2758 10218 28 467 2838 624 44 42
internal_value=0 0.0785613 -0.0170995 0.0351735 0.194212 0.427922 1.28633
internal_count=17019 2786 14233 4015 1177 710 86
shrinkage=0.12


Tree=14
num_leaves=8
num_cat=0
split_feature=0 0 3 2 7 0 1
split_gain=41.7208 21.7932 19.2252 16.4092 15.8875 56.311 71.1749
threshold=5.5000000000000009 12.500000000000002 1.0000000180025095e-35 8.5000000000000018 0.97500002384185802 21.500000000000004 3.5000000000000004
decision_type=2 2 2 2 2 2 2
left_child=3 -2 4 -1 -3 -6 -7
right_child=1 2 -4 -5 5 6 -8
leaf_value=0.024745822205522294 -0.0078103988019428564 0.0024793934294441555 -0.013355159068429791 -0.0024512850779753463 0.0064679049719934874 0.025143631820021002 0.31522575804165431
leaf_count=1251 5937 8012 1110 429 230 29 21
internal_value=0 -0.0176528 0.0122999 0.14834 0.0288445 0.262992 1.22482
internal_count=17019 15339 9402 1680 8292 280 50
shrinkage=0.12


Tree=15
num_leaves=8
num_cat=0
split_feature=7 2 1 8 1 2 8
split_gain=22.7152 64.2757 103.136 13.7735 13.6793 15.7191 22.7056
threshold=0.97500002384185802 1.5000000000000002 3.5000000000000004 37.104999542236335 2.5000000000000004 8.5000000000000018 32.800001144409187
decision_type=2 2 2 2 2 2 2
left_child=4 2 -2 -3 -1 -6 -7
right_child=1 3 -4 -5 5 6 -8
leaf_value=-0.0055001741988984481 -0.024168002693490551 0.10563086126531873 0.33925922062086022 0.0059832632013375716 0.0044839348805183693 0.018627104660333026 -0.011426354297031293
leaf_count=7030 22 21 23 409 6898 434 2182
internal_value=0 0.209415 1.34653 0.0904148 -0.0123832 0.0123345 -0.0536702
internal_count=17019 475 45 430 16544 9514 2616
shrinkage=0.12


Tree=16
num_leaves=8
num_cat=0
split_feature=0 2 1 1 0 2 8
split_gain=32.4928 26.4565 18.0797 13.3282 14.928 30.023 35.3423
threshold=3.5000000000000004 8.5000000000000018 5.5000000000000009 2.5000000000000004 21.500000000000004 1.5000000000000002 38.094999313354499
decision_type=2 2 2 2 2 2 2
left_child=1 2 -1 -2 -5 6 -6
right_child=3 -3 -4 4 5 -7 -8
leaf_value=0.026404485945298487 -0.0058703912455612389 -0.013074267511805071 0.084964549450034441 -0.00056166002179391039 0.040822937488555908 0.0084623939855441588 0.22199207586050035
leaf_count=553 6884 229 88 8279 69 897 20
internal_value=0 0.182802 0.287033 -0.0155915 0.00917198 0.125485 0.679459
internal_count=17019 870 641 16149 9265 986 89
shrinkage=0.12


Tree=17
num_leaves=8
num_cat=0
split_feature=0 2 1 3 0 1 1
split_gain=25.1624 20.4879 14.0009 11.5625 16.1135 15.1535 13.8919
threshold=3.5000000000000004 8.5000000000000018 5.5000000000000009 1.0000000180025095e-35 12.500000000000002 2.5000000000000004 5.5000000000000009
decision_type=2 2 2 2 2 2 2
left_child=1 2 -1 4 -2 -6 -7
right_child=3 -3 -4 -5 5 6 -8
leaf_value=0.023235949051800514 -0.0050931331742115416 -0.011505354860203754 0.074768805459819052 -0.013178032596632453 -0.0030619559115581691 0.01110872981743407 -0.0040434453445811602
leaf_count=553 6760 229 88 1162 3574 3492 1161
internal_value=0 0.160866 0.252589 -0.0137205 -0.00626975 0.0234531 0.0610668
internal_count=17019 870 641 16149 14987 8227 4653
shrinkage=0.12


Tree=18
num_leaves=8
num_cat=0
split_feature=0 7 7 2 7 1 0
split_gain=19.4858 31.1065 13.9234 13.1278 11.0458 27.9319 50.675
threshold=3.5000000000000004 0.9350000023841859 0.51499998569488536 8.5000000000000018 0.94499999284744274 3.5000000000000004 21.500000000000004
decision_type=2 2 2 2 2 2 2
left_child=1 2 3 -1 -2 -6 -7
right_child=4 -3 -4 -5 5 6 -8
leaf_value=0.025233937283940234 -0.0020459075201664893 0.13918048525164867 -0.058203806994776973 -0.0097338237018106087 -0.0091241639256477349 0.026065550740594905 0.1999657432238261
leaf_count=594 15585 29 38 209 310 227 27
internal_value=0 0.141562 0.106449 0.134439 -0.012074 0.125406 0.371258
internal_count=17019 870 841 803 16149 564 254
shrinkage=0.12


end of trees

feature importances:
Column_2=33
Column_8=30
Column_0=27
Column_1=23
Column_7=14
Column_3=3
Column_5=2
Column_6=1

parameters:
[boosting: gbdt]
[objective: regression]
[metric: rmse]
[tree_learner: serial]
[device_type: cpu]
[data: ]
[valid: ]
[num_iterations: 100]
[learning_rate: 0.12]
[num_leaves: 8]
[num_threads: 0]
[max_depth: -1]
[min_data_in_leaf: 20]
[min_sum_hessian_in_leaf: 0.001]
[bagging_fraction: 0.8]
[bagging_freq: 5]
[bagging_seed: 3]
[feature_fraction: 0.9]
[feature_fraction_seed: 2]
[early_stopping_round: 0]
[max_delta_step: 0]
[lambda_l1: 0]
[lambda_l2: 0]
[min_gain_to_split: 0]
[drop_rate: 0.1]
[max_drop: 50]
[skip_drop: 0.5]
[xgboost_dart_mode: 0]
[uniform_drop: 0]
[drop_seed: 4]
[top_rate: 0.2]
[other_rate: 0.1]
[min_data_per_group: 100]
[max_cat_threshold: 32]
[cat_l2: 10]
[cat_smooth: 10]
[max_cat_to_onehot: 4]
[top_k: 20]
[monotone_constraints: ]
[feature_contri: ]
[forcedsplits_filename: ]
[refit_decay_rate: 0.9]
[verbosity: 0]
[max_bin: 255]
[min_data_in_bin: 3]
[bin_construct_sample_cnt: 200000]
[histogram_pool_size: -1]
[data_random_seed: 1]
[output_model: LightGBM_model.txt]
[snapshot_freq: -1]
[input_model: ]
[output_result: LightGBM_predict_result.txt]
[initscore_filename: ]
[valid_data_initscores: ]
[pre_partition: 0]
[enable_bundle: 1]
[max_conflict_rate: 0]
[is_enable_sparse: 1]
[sparse_threshold: 0.8]
[use_missing: 1]
[zero_as_missing: 0]
[two_round: 0]
[save_binary: 0]
[enable_load_from_binary_file: 1]
[header: 0]
[label_column: ]
[weight_column: ]
[group_column: ]
[ignore_column: ]
[categorical_feature: ]
[predict_raw_score: 0]
[predict_leaf_index: 0]
[predict_contrib: 0]
[num_iteration_predict: -1]
[pred_early_stop: 0]
[pred_early_stop_freq: 10]
[pred_early_stop_margin: 10]
[convert_model_language: ]
[convert_model: gbdt_prediction.cpp]
[num_class: 1]
[is_unbalance: 0]
[scale_pos_weight: 1]
[sigmoid: 1]
[boost_from_average: 1]
[reg_sqrt: 0]
[alpha: 0.9]
[fair_c: 1]
[poisson_max_delta_step: 0.7]
[tweedie_variance_power: 1.5]
[max_position: 20]
[label_gain: ]
[metric_freq: 1]
[is_provide_training_metric: 0]
[eval_at: ]
[num_machines: 1]
[local_listen_port: 12400]
[time_out: 120]
[machine_list_filename: ]
[machines: ]
[gpu_platform_id: -1]
[gpu_device_id: -1]
[gpu_use_dp: 0]

end of parameters

pandas_categorical:null
