tree
version=v2
num_class=1
num_tree_per_iteration=1
label_index=0
max_feature_idx=8
objective=regression
feature_names=Column_0 Column_1 Column_2 Column_3 Column_4 Column_5 Column_6 Column_7 Column_8
feature_infos=[0:23] [0:6] [1:12] [0:2] none [0:1] [0:1] [0:1] [-7.940000057220459:95.80999755859375]
tree_sizes=689 703 732 701 733 706 704 706 705 707 711 704 736 739 705 725 708 708 707 704

Tree=0
num_leaves=8
num_cat=0
split_feature=0 0 2 0 8 8 2
split_gain=123873 77781.2 5501.56 2147.83 3416.05 1163.13 1161.01
threshold=5.5000000000000009 1.0000000180025095e-35 2.5000000000000004 1.5000000000000002 60.364999771118171 73.075000762939467 7.5000000000000009
decision_type=2 2 2 2 2 2 2
left_child=1 -1 -3 6 -5 -6 -4
right_child=-2 2 3 4 5 -7 -8
leaf_value=1.2412428271441249 1.2195711100633428 2.2068657681486776 2.7799598648431871 2.764532820670059 3.2809423511603812 4.199060230259855 2.4542414783539317
leaf_count=859 15168 295 348 409 146 23 288
internal_value=0 6.73334 11.0575 11.9987 13.394 17.1759 10.7307
internal_count=17536 2368 1509 1214 578 169 636
shrinkage=1


Tree=1
num_leaves=8
num_cat=0
split_feature=0 0 1 2 0 0 8
split_gain=95927.5 60233.8 4632.54 3878.56 4992.35 3813.19 2363.36
threshold=5.5000000000000009 1.0000000180025095e-35 4.5000000000000009 3.5000000000000004 3.5000000000000004 3.5000000000000004 69.165000915527358
decision_type=2 2 2 2 2 2 2
left_child=1 -1 3 -3 -5 -4 -6
right_child=-2 2 5 4 6 -7 -8
leaf_value=-0.091114453370135379 -0.11018555891664722 0.93381788115126851 1.0644775188153011 1.1216605436338962 1.6142696318810523 0.21632008199588112 2.5626284687859671
leaf_count=859 15168 331 227 412 382 115 42
internal_value=0 5.92534 9.73057 10.6791 11.8262 6.49399 14.2351
internal_count=17536 2368 1509 1167 836 342 424
shrinkage=0.12


Tree=2
num_leaves=8
num_cat=0
split_feature=8 3 2 1 2 2 8
split_gain=1307.75 1037.93 626.013 502.038 427.375 724.573 1209.91
threshold=76.875000000000014 1.0000000180025095e-35 2.5000000000000004 4.5000000000000009 9.5000000000000018 5.5000000000000009 66.365001678466811
decision_type=2 2 2 2 2 2 2
left_child=1 2 -1 4 5 -4 -7
right_child=-2 -3 3 -5 -6 6 -8
leaf_value=-0.026651394913981372 -0.092075084699069193 -0.10766796381473541 0.028695452883983348 -0.0073154962651709949 0.008752901782828483 0.21599574338258362 0.04696722947297588
leaf_count=3205 1948 975 3110 3158 2606 1022 1512
internal_value=0 0.101744 0.168397 0.278104 0.407894 0.562552 0.959491
internal_count=17536 15588 14613 11408 8250 5644 2534
shrinkage=0.12


Tree=3
num_leaves=8
num_cat=0
split_feature=0 0 1 0 8 0 2
split_gain=73589.6 46435.2 3473.4 2955.03 2883.98 2774.8 1423.5
threshold=5.5000000000000009 1.0000000180025095e-35 4.5000000000000009 3.5000000000000004 57.065000534057624 3.5000000000000004 2.5000000000000004
decision_type=2 2 2 2 2 2 2
left_child=1 -1 4 -4 6 -6 -3
right_child=-2 2 3 -5 5 -7 -8
leaf_value=-0.081603596019141203 -0.096579639576241022 0.72998585599278087 0.93838814703903528 0.19174394675311834 1.0905058290590257 1.7388476859686079 1.0907929096603519
leaf_count=859 15168 218 227 115 204 178 567
internal_value=0 5.1892 8.53026 5.7277 9.35158 11.6051 8.25495
internal_count=17536 2368 1509 342 1167 382 785
shrinkage=0.12


Tree=4
num_leaves=8
num_cat=0
split_feature=8 3 2 2 2 8 2
split_gain=766.008 641.198 382.404 387.648 632.671 497.336 503.792
threshold=76.875000000000014 1.0000000180025095e-35 2.5000000000000004 8.5000000000000018 6.5000000000000009 68.715000152587905 5.5000000000000009
decision_type=2 2 2 2 2 2 2
left_child=1 2 -1 4 5 6 -4
right_child=-2 -3 3 -5 -6 -7 -8
leaf_value=-0.020987264154005255 -0.070463053193249303 -0.084871483697799524 0.021588777585366693 -0.0013912100383608661 0.11096923857326699 -0.074558819847429403 0.13358456310918057
leaf_count=3205 1948 975 4005 4518 1563 646 676
internal_value=0 0.0779161 0.130304 0.216048 0.365319 0.201178 0.314687
internal_count=17536 15588 14613 11408 6890 5327 4681
shrinkage=0.12


Tree=5
num_leaves=8
num_cat=0
split_feature=0 0 1 0 0 2 8
split_gain=57985.3 36291.2 3213.61 2849.72 2267.94 4430.25 1889.08
threshold=5.5000000000000009 1.0000000180025095e-35 4.5000000000000009 1.5000000000000002 3.5000000000000004 3.5000000000000004 68.514999389648452
decision_type=2 2 2 2 2 2 2
left_child=1 -1 4 -4 -3 -6 -7
right_child=-2 2 3 -5 5 6 -8
leaf_value=-0.074820616866961329 -0.085076792283624511 0.84332180242002319 0.87552535907503515 0.16977813303908879 0.66089358596916647 1.2953431798125123 2.0574556930859882
leaf_count=828 15233 557 209 136 166 353 54
internal_value=0 4.67477 7.64899 4.97765 8.46458 9.86136 11.6372
internal_count=17536 2303 1475 345 1130 573 407
shrinkage=0.12


Tree=6
num_leaves=8
num_cat=0
split_feature=0 0 2 0 8 2 0
split_gain=44903.8 28103.9 2142.89 1104.08 1347.79 732.175 508.147
threshold=5.5000000000000009 1.0000000180025095e-35 2.5000000000000004 3.5000000000000004 73.075000762939467 7.5000000000000009 1.5000000000000002
decision_type=2 2 2 2 2 2 2
left_child=1 -1 6 5 -5 -4 -3
right_child=-2 2 3 4 -6 -7 -8
leaf_value=-0.065842143167620118 -0.07486757912748318 0.67362777948379515 0.88265460112822092 0.96191348357424555 1.9199995630437676 0.62260626324217949 0.34846215769438676
leaf_count=828 15233 135 355 543 22 278 142
internal_value=0 4.1138 6.73111 7.3107 8.32683 6.40372 4.22447
internal_count=17536 2303 1475 1198 565 633 277
shrinkage=0.12


Tree=7
num_leaves=8
num_cat=0
split_feature=0 0 1 0 0 2 8
split_gain=34773.5 21763.7 2429.33 2275.44 1581.43 2893.74 1291.75
threshold=5.5000000000000009 1.0000000180025095e-35 4.5000000000000009 1.5000000000000002 3.5000000000000004 3.5000000000000004 68.514999389648452
decision_type=2 2 2 2 2 2 2
left_child=1 -1 4 -4 -3 -6 -7
right_child=-2 2 3 -5 5 6 -8
leaf_value=-0.057941086462064494 -0.065883468888694632 0.65191483377072712 0.68069193455163368 0.050052372041870567 0.51360684378319477 1.0244723668939331 1.6546788671281603
leaf_count=828 15233 557 209 136 166 353 54
internal_value=0 3.62014 5.92338 3.60077 6.6325 7.79887 9.23406
internal_count=17536 2303 1475 345 1130 573 407
shrinkage=0.12


Tree=8
num_leaves=8
num_cat=0
split_feature=0 0 1 1 0 2 0
split_gain=26928.6 16853.8 1881.27 1982.7 1224.66 2289.7 700.306
threshold=5.5000000000000009 1.0000000180025095e-35 4.5000000000000009 5.5000000000000009 3.5000000000000004 2.5000000000000004 1.5000000000000002
decision_type=2 2 2 2 2 2 2
left_child=1 -1 4 6 -3 -6 -4
right_child=-2 2 3 -5 5 -7 -8
leaf_value=-0.050988156347859484 -0.057977452757169479 0.57368504970388812 0.41334805708570577 0.77415398955345149 0.32295683614561488 0.93850588634977905 -0.014141480745747686
leaf_count=828 15233 557 97 120 107 466 128
internal_value=0 3.18573 5.21258 3.16867 5.8366 6.863 1.41795
internal_count=17536 2303 1475 345 1130 573 225
shrinkage=0.12


Tree=9
num_leaves=8
num_cat=0
split_feature=0 0 8 2 7 7 0
split_gain=20853.5 13051.6 1180.46 1124.11 760.076 837.655 784.172
threshold=5.5000000000000009 1.0000000180025095e-35 48.534999847412116 4.5000000000000009 0.15500000119209292 0.56499999761581432 3.5000000000000004
decision_type=2 2 2 2 2 2 2
left_child=1 -1 -3 -4 6 -6 -5
right_child=-2 2 3 4 5 -7 -8
leaf_value=-0.044869577207103155 -0.051020158876293881 0.45021118370267721 0.12901613171284015 0.62704980984379033 -0.12763723404176774 0.69066677763191764 0.91188814946974162
leaf_count=828 15233 788 52 305 31 43 256
internal_value=0 2.80344 4.58707 5.54518 5.91123 2.89886 6.30858
internal_count=17536 2303 1475 687 635 74 561
shrinkage=0.12


Tree=10
num_leaves=8
num_cat=0
split_feature=0 0 2 7 1 7 0
split_gain=14236.4 9240.29 1150.17 1072.15 825.009 1333.45 1176.71
threshold=5.5000000000000009 1.0000000180025095e-35 2.5000000000000004 0.99500000476837169 4.5000000000000009 0.064999999478459372 3.5000000000000004
decision_type=2 2 2 2 2 2 2
left_child=1 -1 -3 4 5 6 -4
right_child=-2 2 3 -5 -6 -7 -8
leaf_value=-0.041658343335800978 -0.043593081198848277 0.23303939852413239 0.44216412397482308 1.1700470213066128 0.30106298222049566 0.088463839325834709 0.72899655365487603
leaf_count=845 15208 273 406 34 267 85 418
internal_value=0 2.29218 3.79604 4.21435 4.0543 4.50824 4.89724
internal_count=17536 2328 1483 1210 1176 909 824
shrinkage=0.12


Tree=11
num_leaves=8
num_cat=0
split_feature=0 0 8 8 1 1 8
split_gain=11024.7 7155.68 1327.17 920.76 662.817 900.05 516.273
threshold=5.5000000000000009 1.0000000180025095e-35 52.68499946594239 54.034999847412116 4.5000000000000009 5.5000000000000009 56.114999771118171
decision_type=2 2 2 2 2 2 2
left_child=1 -1 4 -4 -3 -6 -5
right_child=-2 2 3 6 5 -7 -8
leaf_value=-0.03665934200241016 -0.038361911073852249 0.36034254277686573 1.1510883539373225 0.14242761308292173 -0.088576938368257932 0.45624807129011435 0.53500180321615498
leaf_count=845 15208 670 33 53 122 68 537
internal_value=0 2.01712 3.34052 4.45199 2.53535 0.886776 4.16447
internal_count=17536 2328 1483 623 860 190 590
shrinkage=0.12


Tree=12
num_leaves=8
num_cat=0
split_feature=8 7 2 7 2 8 8
split_gain=146.518 108.572 144.661 135.642 111.754 554.445 286.81
threshold=34.82500076293946 0.99500000476837169 8.5000000000000018 0.064999999478459372 5.5000000000000009 53.774999618530281 66.83499908447267
decision_type=2 2 2 2 2 2 2
left_child=-1 2 3 4 -2 -6 -7
right_child=1 -3 -4 -5 5 6 -8
leaf_value=0.021415988323366688 -0.0084758347958553519 0.056738469986859413 -0.027977903500679493 -0.035590855666812048 0.48784933045506473 0.073946421547999241 -0.0016835033453477981
leaf_count=3388 4329 382 3817 1368 36 925 3291
internal_value=0 -0.0530553 -0.0676481 -0.00415249 0.0424686 0.157617 0.124249
internal_count=17536 14148 13766 9949 8581 4252 4216
shrinkage=0.12


Tree=13
num_leaves=8
num_cat=0
split_feature=8 2 8 7 2 2 8
split_gain=113.464 102.252 106.341 84.078 112.026 109.248 186.903
threshold=34.82500076293946 2.5000000000000004 19.954999923706058 0.99500000476837169 8.5000000000000018 6.5000000000000009 71.194999694824233
decision_type=2 2 2 2 2 2 2
left_child=1 -1 -3 4 5 -2 -7
right_child=3 2 -4 -5 -6 6 -8
leaf_value=-0.00095651619826589375 -0.0089777756950417641 -0.040850230028380209 0.052464388901338636 0.049929851590611855 -0.024620552275242968 0.060409275119698888 -0.0021698726696819911
leaf_count=1781 6809 201 1406 382 3817 1016 2124
internal_value=0 0.157051 0.33994 -0.0466886 -0.0595303 -0.00365419 0.150656
internal_count=17536 3388 1607 14148 13766 9949 3140
shrinkage=0.12


Tree=14
num_leaves=8
num_cat=0
split_feature=0 0 8 8 1 1 8
split_gain=8387.74 5513.89 1006.46 702.336 511.439 699.839 480.295
threshold=5.5000000000000009 1.0000000180025095e-35 52.68499946594239 54.034999847412116 4.5000000000000009 5.5000000000000009 34.344999313354499
decision_type=2 2 2 2 2 2 2
left_child=1 -1 4 -4 -3 -6 -7
right_child=-2 2 3 -5 5 6 -8
leaf_value=-0.033311792577495634 -0.033244453560730448 0.3158908872106182 1.0056395130807703 0.43676725177504749 -0.079105200381209051 0.72975772283293983 0.091643290145056594
leaf_count=845 15208 670 33 590 122 33 35
internal_value=0 1.76123 2.92293 3.89083 2.22176 0.773627 3.3443
internal_count=17536 2328 1483 623 860 190 68
shrinkage=0.12


Tree=15
num_leaves=8
num_cat=0
split_feature=8 2 2 8 8 1 1
split_gain=105.403 86.9648 118.818 210.956 177.185 137.437 132.383
threshold=43.43499946594239 2.5000000000000004 8.5000000000000018 29.115000724792484 41.274999618530281 1.0000000180025095e-35 4.5000000000000009
decision_type=2 2 2 2 2 2 2
left_child=1 -1 4 6 -3 -6 -4
right_child=-2 2 3 -5 5 -7 -8
leaf_value=-0.0014100951880183024 -0.0044369854124741443 0.033745825826823714 0.036107249959655426 -0.016116762103053819 -0.038954758717089283 0.18454100925853284 0.18496108680725099
leaf_count=2663 11304 1500 276 1412 49 207 125
internal_value=0 0.125005 0.227045 0.047476 0.412443 1.18135 0.687567
internal_count=17536 6232 3569 1813 1756 256 401
shrinkage=0.12


Tree=16
num_leaves=8
num_cat=0
split_feature=0 0 1 8 0 8 0
split_gain=8493.5 5234.01 1033.22 1022.83 1059.01 1163.4 972.352
threshold=5.5000000000000009 1.0000000180025095e-35 4.5000000000000009 56.614999771118171 3.5000000000000004 69.354999542236342 3.5000000000000004
decision_type=2 2 2 2 2 2 2
left_child=1 -1 3 -3 5 -5 -4
right_child=-2 2 6 4 -6 -7 -8
leaf_value=-0.026149091190309975 -0.030168060969496112 0.32571736409603091 0.3188623138174283 0.58057992279988069 0.76777699090306351 -0.034980429717853881 -0.10265059640769623
leaf_count=815 15249 737 226 130 191 67 121
internal_value=0 1.81519 2.94086 3.40615 4.7203 3.09356 1.43233
internal_count=17536 2287 1472 1125 388 197 347
shrinkage=0.12


Tree=17
num_leaves=8
num_cat=0
split_feature=0 0 1 8 0 8 0
split_gain=6577.37 4053.21 800.124 792.079 820.1 904.96 752.99
threshold=5.5000000000000009 1.0000000180025095e-35 4.5000000000000009 56.614999771118171 3.5000000000000004 69.764999389648452 3.5000000000000004
decision_type=2 2 2 2 2 2 2
left_child=1 -1 3 -3 5 -5 -4
right_child=-2 2 6 4 -6 -7 -8
leaf_value=-0.023011200548132504 -0.026547893583745253 0.28663127609163402 0.28059883451962891 0.5009774174955155 0.67564374731005172 -0.052839581923138708 -0.090332522724778194
leaf_count=815 15249 737 226 135 191 62 121
internal_value=0 1.59737 2.58795 2.99742 4.15386 2.72233 1.26045
internal_count=17536 2287 1472 1125 388 197 347
shrinkage=0.12


Tree=18
num_leaves=8
num_cat=0
split_feature=0 0 1 8 0 8 2
split_gain=5093.52 3138.81 619.616 613.386 635.085 707.985 756.591
threshold=5.5000000000000009 1.0000000180025095e-35 4.5000000000000009 56.614999771118171 3.5000000000000004 69.354999542236342 7.5000000000000009
decision_type=2 2 2 2 2 2 2
left_child=1 -1 3 -3 5 6 -5
right_child=-2 2 -4 4 -6 -7 -8
leaf_value=-0.020249856417347317 -0.023362146077394345 0.25223552243859892 0.13310342875784342 0.70262936126541442 0.59456650024699287 -0.029401580206493833 0.11800933545189245
leaf_count=815 15249 737 347 74 191 67 56
internal_value=0 1.40569 2.2774 2.63773 3.6554 2.39565 3.75661
internal_count=17536 2287 1472 1125 388 197 130
shrinkage=0.12


Tree=19
num_leaves=8
num_cat=0
split_feature=0 0 8 2 2 8 8
split_gain=3944.42 2430.69 515.489 552.062 628.309 879.328 939.234
threshold=5.5000000000000009 1.0000000180025095e-35 18.139999389648441 8.5000000000000018 2.5000000000000004 43.43499946594239 41.274999618530281
decision_type=2 2 2 2 2 2 2
left_child=1 -1 -3 4 -4 6 -6
right_child=-2 2 3 -5 5 -7 -8
leaf_value=-0.017819873568241947 -0.020558688521221023 -0.11332296093827798 0.1305237879028803 0.13492976008947172 0.47448882554385174 0.28157548662577636 1.2640888596341013
leaf_count=815 15249 57 237 398 164 591 25
internal_value=0 1.237 2.00411 2.12288 2.51363 2.9469 4.82444
internal_count=17536 2287 1472 1415 1017 780 189
shrinkage=0.12


end of trees

feature importances:
Column_0=50
Column_8=36
Column_2=28
Column_1=17
Column_7=7
Column_3=2

parameters:
[boosting: gbdt]
[objective: regression]
[metric: rmse]
[tree_learner: serial]
[device_type: cpu]
[data: ]
[valid: ]
[num_iterations: 100]
[learning_rate: 0.12]
[num_leaves: 8]
[num_threads: 0]
[max_depth: -1]
[min_data_in_leaf: 20]
[min_sum_hessian_in_leaf: 0.001]
[bagging_fraction: 0.8]
[bagging_freq: 5]
[bagging_seed: 3]
[feature_fraction: 0.9]
[feature_fraction_seed: 2]
[early_stopping_round: 0]
[max_delta_step: 0]
[lambda_l1: 0]
[lambda_l2: 0]
[min_gain_to_split: 0]
[drop_rate: 0.1]
[max_drop: 50]
[skip_drop: 0.5]
[xgboost_dart_mode: 0]
[uniform_drop: 0]
[drop_seed: 4]
[top_rate: 0.2]
[other_rate: 0.1]
[min_data_per_group: 100]
[max_cat_threshold: 32]
[cat_l2: 10]
[cat_smooth: 10]
[max_cat_to_onehot: 4]
[top_k: 20]
[monotone_constraints: ]
[feature_contri: ]
[forcedsplits_filename: ]
[refit_decay_rate: 0.9]
[verbosity: 0]
[max_bin: 255]
[min_data_in_bin: 3]
[bin_construct_sample_cnt: 200000]
[histogram_pool_size: -1]
[data_random_seed: 1]
[output_model: LightGBM_model.txt]
[snapshot_freq: -1]
[input_model: ]
[output_result: LightGBM_predict_result.txt]
[initscore_filename: ]
[valid_data_initscores: ]
[pre_partition: 0]
[enable_bundle: 1]
[max_conflict_rate: 0]
[is_enable_sparse: 1]
[sparse_threshold: 0.8]
[use_missing: 1]
[zero_as_missing: 0]
[two_round: 0]
[save_binary: 0]
[enable_load_from_binary_file: 1]
[header: 0]
[label_column: ]
[weight_column: ]
[group_column: ]
[ignore_column: ]
[categorical_feature: ]
[predict_raw_score: 0]
[predict_leaf_index: 0]
[predict_contrib: 0]
[num_iteration_predict: -1]
[pred_early_stop: 0]
[pred_early_stop_freq: 10]
[pred_early_stop_margin: 10]
[convert_model_language: ]
[convert_model: gbdt_prediction.cpp]
[num_class: 1]
[is_unbalance: 0]
[scale_pos_weight: 1]
[sigmoid: 1]
[boost_from_average: 1]
[reg_sqrt: 0]
[alpha: 0.9]
[fair_c: 1]
[poisson_max_delta_step: 0.7]
[tweedie_variance_power: 1.5]
[max_position: 20]
[label_gain: ]
[metric_freq: 1]
[is_provide_training_metric: 0]
[eval_at: ]
[num_machines: 1]
[local_listen_port: 12400]
[time_out: 120]
[machine_list_filename: ]
[machines: ]
[gpu_platform_id: -1]
[gpu_device_id: -1]
[gpu_use_dp: 0]

end of parameters

pandas_categorical:null
