tree
version=v2
num_class=1
num_tree_per_iteration=1
label_index=0
max_feature_idx=8
objective=regression
feature_names=Column_0 Column_1 Column_2 Column_3 Column_4 Column_5 Column_6 Column_7 Column_8
feature_infos=[0:23] [0:6] [1:12] [0:2] none [0:1] [0:1] [0:1] [-9.5399999618530273:95.80999755859375]
tree_sizes=713 724 724 731 727 731 730 721 729 733 735 738 727 735 728 715 727 726 726 718

Tree=0
num_leaves=8
num_cat=0
split_feature=0 0 8 3 6 8 2
split_gain=972.163 124.847 98.6829 106.609 70.6903 68.8724 55.0873
threshold=5.5000000000000009 20.500000000000004 72.055000305175795 1.0000000180025095e-35 1.0000000180025095e-35 68.24499893188478 7.5000000000000009
decision_type=2 2 2 2 2 2 2
left_child=4 -2 -3 6 5 -1 -4
right_child=1 2 3 -5 -6 -7 -8
leaf_value=0.48589147596208426 0.39831872202989727 0.41845574307997335 0.50027792341619448 0.41032403929390154 0.69884201866879392 0.55629030154776826 0.63738748088699182
leaf_count=1456 12681 2216 117 139 25 232 66
internal_value=0 -0.0761617 0.126293 0.64358 0.718444 0.693722 1.14506
internal_count=16932 15219 2538 322 1713 1688 183
shrinkage=1


Tree=1
num_leaves=8
num_cat=0
split_feature=0 0 1 2 8 6 8
split_gain=752.843 96.6816 106.539 136.051 76.42 54.7426 53.8291
threshold=5.5000000000000009 20.500000000000004 4.5000000000000009 11.500000000000002 72.055000305175795 1.0000000180025095e-35 30.059999465942386
decision_type=2 2 2 2 2 2 2
left_child=5 2 -2 -4 -3 -1 -5
right_child=1 4 3 6 -6 -7 -8
leaf_value=0.073257062118059074 -0.019237505740053215 0.005399028862749196 -0.0016695056108594049 0.16617766064333628 0.067962062914178972 0.25213896632194516 0.05130623176916322
leaf_count=1688 9088 2216 3309 83 322 25 201
internal_value=0 -0.0670223 -0.10268 0.0430951 0.111137 0.632231 0.707315
internal_count=16932 15219 12681 3593 2538 1713 284
shrinkage=0.12


Tree=2
num_leaves=8
num_cat=0
split_feature=8 7 2 2 8 1 8
split_gain=42.4355 69.7182 42.811 62.8243 36.3787 31.5146 28.857
threshold=33.664999008178718 0.33500000834465032 8.5000000000000018 6.5000000000000009 57.905000686645515 2.5000000000000004 6.3650000095367441
decision_type=2 2 2 2 2 2 2
left_child=1 6 3 -2 -4 -3 -1
right_child=2 5 4 -5 -6 -7 -8
leaf_value=0.079809666670948631 -0.0045755414295692879 0.19900133919559027 -0.0034561090814372118 0.015916880700939089 -0.027056991545991463 0.05840729311108589 0.0080006713200131904
leaf_count=83 6965 38 2315 3119 1584 58 2770
internal_value=0 0.112286 -0.0197162 0.01469 -0.108701 0.950493 0.0840813
internal_count=16932 2949 13983 10084 3899 96 2853
shrinkage=0.12


Tree=3
num_leaves=8
num_cat=0
split_feature=0 0 1 2 8 3 1
split_gain=578.076 74.0486 82.361 103.868 56.8105 82.4753 57.8898
threshold=5.5000000000000009 20.500000000000004 4.5000000000000009 11.500000000000002 72.055000305175795 1.0000000180025095e-35 4.5000000000000009
decision_type=2 2 2 2 2 2 2
left_child=-1 2 -2 -4 -3 6 -6
right_child=1 4 3 -5 5 -7 -8
leaf_value=0.066435482840913287 -0.016918557536932572 0.0047733503386432081 -0.0014345307190204251 0.074186438317869752 0.14904967758485249 -0.010968528805876806 -0.010137987497240998
leaf_count=1713 9088 2216 3309 284 140 139 43
internal_value=0 -0.059109 -0.0903148 0.0378562 0.096809 0.489296 0.930374
internal_count=16932 15219 12681 3593 2538 322 183
shrinkage=0.12


Tree=4
num_leaves=8
num_cat=0
split_feature=8 7 2 2 2 1 2
split_gain=29.619 53.5959 34.0642 45.9033 30.8276 120.016 26.3884
threshold=33.664999008178718 0.33500000834465032 8.5000000000000018 6.5000000000000009 2.5000000000000004 3.5000000000000004 9.5000000000000018
decision_type=2 2 2 2 2 2 2
left_child=1 -1 3 -2 -3 -6 -4
right_child=2 4 6 -5 5 -7 -8
leaf_value=0.0082656112457424793 -0.0037356489599820785 0.036872367457701609 -0.026676883142499216 0.013781004588395289 0.39045147094130511 -0.0075693554058671002 -0.0050932794186508822
leaf_count=2853 6965 52 1162 3119 20 24 2737
internal_value=0 0.0936095 -0.0166718 0.014019 0.828535 1.44458 -0.0960478
internal_count=16932 2949 13983 10084 96 44 3899
shrinkage=0.12


Tree=5
num_leaves=8
num_cat=0
split_feature=0 6 0 8 1 1 2
split_gain=484.361 63.1129 53.5232 48.5238 58.7433 47.9977 48.5326
threshold=5.5000000000000009 1.0000000180025095e-35 12.500000000000002 63.704999923706062 4.5000000000000009 4.5000000000000009 11.500000000000002
decision_type=2 2 2 2 2 2 2
left_child=1 3 5 4 -1 -2 -7
right_child=2 -3 -4 -5 -6 6 -8
leaf_value=0.063672245467970748 -0.022486624599329371 0.2626954593069174 -0.00097777962369111093 0.09625796211275825 0.0080008786685707017 -0.0041689062559764397 0.074709329644510561
leaf_count=926 4184 22 9351 374 387 1567 121
internal_value=0 0.506322 -0.0551359 0.484377 0.393862 -0.129963 0.0123773
internal_count=16932 1709 15223 1687 1313 5872 1688
shrinkage=0.12


Tree=6
num_leaves=8
num_cat=0
split_feature=0 7 0 8 8 2 2
split_gain=375.089 49.1108 41.4879 35.6631 29.2811 26.8895 38.391
threshold=5.5000000000000009 0.20499999821186068 16.500000000000004 63.914999008178718 27.57499980926514 8.5000000000000018 6.5000000000000009
decision_type=2 2 2 2 2 2 2
left_child=1 3 -2 -1 -4 6 -6
right_child=2 -3 4 -5 5 -7 -8
leaf_value=0.036570263185850889 -0.010825249848152887 0.11167695016630234 0.030895901432364793 0.080807059672536749 -0.0025249846127654609 -0.013823469441848235 0.02399690153020801
leaf_count=1186 9295 186 466 337 2824 1549 1089
internal_value=0 0.445564 -0.0485196 0.386323 0.0168508 -0.00367766 0.0404678
internal_count=16932 1709 15223 1523 5928 5462 3913
shrinkage=0.12


Tree=7
num_leaves=8
num_cat=0
split_feature=0 1 2 2 8 8 0
split_gain=290.469 38.1458 101.999 52.5711 46.8618 105.338 78.1805
threshold=5.5000000000000009 4.5000000000000009 11.500000000000002 3.5000000000000004 30.654999732971195 18.880000114440922 11.500000000000002
decision_type=2 2 2 2 2 2 2
left_child=-1 -2 3 -3 5 -4 -7
right_child=1 2 4 -5 -6 6 -8
leaf_value=0.047051537129145185 -0.0088895458205279897 0.020779044133351687 -0.045770983205122108 -0.0097450920558449887 0.036050576652799329 0.058299813116750407 0.30277929008007048
leaf_count=1709 10928 1142 34 2816 224 31 48
internal_value=0 -0.0426973 0.0371504 -0.00781647 0.565277 1.0903 1.7237
internal_count=16932 15223 4295 3958 337 113 79
shrinkage=0.12


Tree=8
num_leaves=8
num_cat=0
split_feature=0 6 0 2 7 1 1
split_gain=224.939 46.8564 34.5539 33.0395 36.2378 33.8894 32.8273
threshold=5.5000000000000009 1.0000000180025095e-35 12.500000000000002 2.5000000000000004 0.99500000476837169 4.5000000000000009 4.5000000000000009
decision_type=2 2 2 2 2 2 2
left_child=1 3 6 5 -5 -1 -2
right_child=2 -3 -4 4 -6 -7 -8
leaf_value=0.03247378649333349 -0.017422453687093567 0.21540196216919205 2.1644857283926636e-05 0.043994980739743519 0.1660032167037328 -0.050380172861946952 0.0024023799725335919
leaf_count=208 4184 22 9351 1335 36 108 1688
internal_value=0 0.345045 -0.0375736 0.326136 0.393322 0.0346384 -0.0976957
internal_count=16932 1709 15223 1687 1371 316 5872
shrinkage=0.12


Tree=9
num_leaves=8
num_cat=0
split_feature=0 6 8 7 0 3 0
split_gain=174.193 36.2856 28.1717 35.7018 26.7586 27.0635 28.728
threshold=5.5000000000000009 1.0000000180025095e-35 63.704999923706062 0.99500000476837169 12.500000000000002 1.0000000180025095e-35 22.500000000000004
decision_type=2 2 2 2 2 2 2
left_child=1 2 3 -1 -2 6 -6
right_child=4 -3 -4 -5 5 -7 -8
leaf_value=0.023036199334912893 -0.01031667095332404 0.1895537367598577 0.063495319591247462 0.15136050399625672 0.00017658815040892168 -0.018093692054106117 0.025581889777524128
leaf_count=1281 5872 22 374 32 7597 1054 700
internal_value=0 0.303639 0.286999 0.218031 -0.0330648 0.000158728 0.0193332
internal_count=16932 1709 1687 1313 15223 9351 8297
shrinkage=0.12


Tree=10
num_leaves=8
num_cat=0
split_feature=0 0 1 2 2 7 6
split_gain=89.748 35.9415 47.7781 62.3417 46.2939 37.4357 35.1184
threshold=5.5000000000000009 20.500000000000004 4.5000000000000009 11.500000000000002 4.5000000000000009 0.46500000357627874 1.0000000180025095e-35
decision_type=2 2 2 2 2 2 2
left_child=-1 2 6 4 -4 -5 -2
right_child=1 -3 3 5 -6 -7 -8
leaf_value=0.025825861770672576 -0.011278515147432633 0.010058920272974172 0.019106663992301747 0.046934694901230881 -0.0097737994032192285 0.1984040079667018 0.044761729778313053
leaf_count=1734 8881 2533 1317 244 2033 26 164
internal_value=0 -0.0249158 -0.0466638 0.0504234 0.0131675 0.512672 -0.0855201
internal_count=16932 15198 12665 3620 3350 270 9045
shrinkage=0.12


Tree=11
num_leaves=8
num_cat=0
split_feature=0 0 1 8 2 3 8
split_gain=69.5009 27.8331 36.9994 49.6552 65.1628 34.6617 56.8302
threshold=5.5000000000000009 20.500000000000004 4.5000000000000009 45.545000076293952 11.500000000000002 1.0000000180025095e-35 64.43500137329103
decision_type=2 2 2 2 2 2 2
left_child=-1 2 -2 -4 -5 6 -3
right_child=1 5 3 4 -6 -7 -8
leaf_value=0.022726758358710859 -0.0090309279913926011 0.0048453823328018187 0.023506218906453477 -0.0080880647398120665 0.15692841563905988 -0.02223544283346696 0.052788238463685369
leaf_count=1734 9045 1650 1354 2231 35 429 454
internal_value=0 -0.0219259 -0.0410642 0.0443726 -0.0461606 0.0737654 0.126587
internal_count=16932 15198 12665 3620 2266 2533 2104
shrinkage=0.12


Tree=12
num_leaves=8
num_cat=0
split_feature=3 2 8 8 1 8 8
split_gain=28.3375 25.0185 32.3565 26.4319 73.2559 75.6302 24.2727
threshold=1.0000000180025095e-35 8.5000000000000018 12.914999961853029 29.134999275207523 4.5000000000000009 20.460000038146976 24.860000610351566
decision_type=2 2 2 2 2 2 2
left_child=1 2 -1 4 -3 -6 -7
right_child=-2 3 -4 -5 5 6 -8
leaf_value=0.057900460288859902 -0.017813069883289689 -0.0090922891497611999 0.0035507506392294511 -0.0092305313424477353 -0.014873502751191457 0.28616457185019617 0.13404408070174131
leaf_count=160 1199 285 11145 4031 45 23 44
internal_value=0 0.0110426 0.0359997 -0.0526746 0.193516 0.878751 1.5522
internal_count=16932 15733 11305 4428 397 112 67
shrinkage=0.12


Tree=13
num_leaves=8
num_cat=0
split_feature=3 2 8 2 8 1 8
split_gain=21.9446 19.3744 27.7393 21.961 20.4689 56.7294 59.4124
threshold=1.0000000180025095e-35 8.5000000000000018 6.3650000095367441 6.5000000000000009 29.134999275207523 4.5000000000000009 17.925000190734867
decision_type=2 2 2 2 2 2 2
left_child=1 2 -1 -4 5 -3 -7
right_child=-2 4 3 -5 -6 6 -8
leaf_value=0.084504522312371447 -0.015675501791454285 -0.0080012135442934541 0.00041883206308149847 0.012914154584790175 -0.0081228676847642216 -0.039582689097698999 0.15049972386887439
leaf_count=61 1199 285 8594 2650 4031 34 78
internal_value=0 0.00971751 0.0316797 0.0280312 -0.0463536 0.170294 0.773301
internal_count=16932 15733 11305 11244 4428 397 112
shrinkage=0.12


Tree=14
num_leaves=8
num_cat=0
split_feature=0 7 0 1 8 8 2
split_gain=52.3273 34.3479 26.6965 22.7199 23.1908 21.8556 19.7939
threshold=5.5000000000000009 0.99500000476837169 16.500000000000004 4.5000000000000009 39.174999237060554 43.754999160766609 8.5000000000000018
decision_type=2 2 2 2 2 2 2
left_child=1 3 -2 -1 -5 -6 -4
right_child=2 -3 6 4 5 -7 -8
leaf_value=0.026102251008496977 -0.0062890704690164957 0.13255717724561691 0.0083159510070794536 -0.037075126311974599 0.10542648206438336 0.0045764406372824414 -0.0072167058300178994
leaf_count=1202 9287 38 4279 192 35 267 1632
internal_value=0 0.164386 -0.018972 0.143319 -0.0372231 0.135536 0.0335621
internal_count=16932 1734 15198 1696 494 302 5911
shrinkage=0.12


Tree=15
num_leaves=8
num_cat=0
split_feature=2 1 8 8 8 8 2
split_gain=15.6377 50.3142 41.2844 92.1618 38.0142 22.168 19.838
threshold=11.500000000000002 4.5000000000000009 29.134999275207523 21.110000610351566 44.23500061035157 12.914999961853029 1.5000000000000002
decision_type=2 2 2 2 2 2 2
left_child=5 -2 3 -3 -4 6 -1
right_child=1 2 4 -5 -6 -7 -8
leaf_value=0.076392805791392765 -0.0049791701721958815 -0.0073384864014737743 0.0025452530496802767 0.21380328864886844 0.11904598270143781 -0.0025555948836409365 -0.010090792666943299
leaf_count=97 800 51 228 58 49 15586 63
internal_value=0 0.101578 0.398098 0.919444 0.192947 -0.017495 0.352832
internal_count=16932 1186 386 109 277 15746 160
shrinkage=0.12


Tree=16
num_leaves=8
num_cat=0
split_feature=0 0 2 2 3 8 8
split_gain=32.5153 18.3704 18.2907 22.9678 18.7649 33.5076 24.8307
threshold=1.0000000180025095e-35 12.500000000000002 2.5000000000000004 8.5000000000000018 1.0000000180025095e-35 72.545001983642592 75.075000762939467
decision_type=2 2 2 2 2 2 2
left_child=2 -2 -1 4 5 -4 -7
right_child=1 -3 3 -5 -6 6 -8
leaf_value=-0.014353944123809382 -0.0069405162209566522 0.0012764464112868389 0.044547113437076118 -0.00064891418104216585 -0.0062130076024267409 0.24623977401039815 0.063813009815556654
leaf_count=161 6748 9342 331 226 81 22 21
internal_value=0 -0.0180806 0.183507 0.255171 0.384601 0.47911 1.30956
internal_count=16932 16090 842 681 455 374 43
shrinkage=0.12


Tree=17
num_leaves=8
num_cat=0
split_feature=0 1 0 8 8 0 1
split_gain=26.9747 25.977 36.3075 29.295 23.7385 21.389 15.268
threshold=5.5000000000000009 4.5000000000000009 1.0000000180025095e-35 67.805000305175795 71.384998321533217 12.500000000000002 4.5000000000000009
decision_type=2 2 2 2 2 2 2
left_child=1 -1 3 -3 -5 6 -2
right_child=5 2 -4 4 -6 -7 -8
leaf_value=0.023064623081561854 -0.011950767776948028 0.0034070509093515763 -0.041406029954022573 0.20382139826991727 0.030757102757692337 0.0011232730574240726 0.0015975363650604297
leaf_count=1199 4223 197 253 21 25 9342 1672
internal_value=0 0.112582 -0.0798952 0.196172 0.914706 -0.0204018 -0.0675672
internal_count=16932 1695 496 243 46 15237 5895
shrinkage=0.12


Tree=18
num_leaves=8
num_cat=0
split_feature=0 1 0 8 8 0 8
split_gain=20.8892 20.1166 28.1165 22.686 18.3831 16.5636 12.7431
threshold=5.5000000000000009 4.5000000000000009 1.0000000180025095e-35 67.805000305175795 71.384998321533217 12.500000000000002 73.384998321533217
decision_type=2 2 2 2 2 2 2
left_child=1 6 3 -3 -5 -2 -1
right_child=5 2 -4 4 -6 -7 -8
leaf_value=0.017408013853780793 -0.0071350922967489743 0.0029982039790014325 -0.036437307176853832 0.1793628248146602 0.027066250205039975 0.00098848000497185769 0.073274711865571232
leaf_count=1137 5895 197 253 21 25 9342 62
internal_value=0 0.0990719 -0.0703077 0.172631 0.804941 -0.0179535 0.169141
internal_count=16932 1695 496 243 46 15237 1199
shrinkage=0.12


Tree=19
num_leaves=8
num_cat=0
split_feature=0 1 1 2 8 8 0
split_gain=16.1766 17.285 13.354 50.1592 46.1076 86.4929 93.441
threshold=5.5000000000000009 2.5000000000000004 4.5000000000000009 11.500000000000002 29.134999275207523 17.925000190734867 11.500000000000002
decision_type=2 2 2 2 2 2 2
left_child=1 -1 -2 -4 5 -5 -7
right_child=2 -3 3 4 -6 6 -8
leaf_value=0.024700596763842654 -0.0041205312772945434 0.00014878447749296683 -5.8195928183875267e-05 -0.036877801157534119 0.021593449916909722 0.027589684501290321 0.33684617063578437
leaf_count=712 10945 983 3947 32 255 24 34
internal_value=0 0.0871833 -0.0157991 0.0314761 0.39713 1.01248 1.74065
internal_count=16932 1695 15237 4292 345 90 58
shrinkage=0.12


end of trees

feature importances:
Column_8=39
Column_0=33
Column_2=27
Column_1=21
Column_3=7
Column_7=7
Column_6=6

parameters:
[boosting: gbdt]
[objective: regression]
[metric: rmse]
[tree_learner: serial]
[device_type: cpu]
[data: ]
[valid: ]
[num_iterations: 100]
[learning_rate: 0.12]
[num_leaves: 8]
[num_threads: 0]
[max_depth: -1]
[min_data_in_leaf: 20]
[min_sum_hessian_in_leaf: 0.001]
[bagging_fraction: 0.8]
[bagging_freq: 5]
[bagging_seed: 3]
[feature_fraction: 0.9]
[feature_fraction_seed: 2]
[early_stopping_round: 0]
[max_delta_step: 0]
[lambda_l1: 0]
[lambda_l2: 0]
[min_gain_to_split: 0]
[drop_rate: 0.1]
[max_drop: 50]
[skip_drop: 0.5]
[xgboost_dart_mode: 0]
[uniform_drop: 0]
[drop_seed: 4]
[top_rate: 0.2]
[other_rate: 0.1]
[min_data_per_group: 100]
[max_cat_threshold: 32]
[cat_l2: 10]
[cat_smooth: 10]
[max_cat_to_onehot: 4]
[top_k: 20]
[monotone_constraints: ]
[feature_contri: ]
[forcedsplits_filename: ]
[refit_decay_rate: 0.9]
[verbosity: 0]
[max_bin: 255]
[min_data_in_bin: 3]
[bin_construct_sample_cnt: 200000]
[histogram_pool_size: -1]
[data_random_seed: 1]
[output_model: LightGBM_model.txt]
[snapshot_freq: -1]
[input_model: ]
[output_result: LightGBM_predict_result.txt]
[initscore_filename: ]
[valid_data_initscores: ]
[pre_partition: 0]
[enable_bundle: 1]
[max_conflict_rate: 0]
[is_enable_sparse: 1]
[sparse_threshold: 0.8]
[use_missing: 1]
[zero_as_missing: 0]
[two_round: 0]
[save_binary: 0]
[enable_load_from_binary_file: 1]
[header: 0]
[label_column: ]
[weight_column: ]
[group_column: ]
[ignore_column: ]
[categorical_feature: ]
[predict_raw_score: 0]
[predict_leaf_index: 0]
[predict_contrib: 0]
[num_iteration_predict: -1]
[pred_early_stop: 0]
[pred_early_stop_freq: 10]
[pred_early_stop_margin: 10]
[convert_model_language: ]
[convert_model: gbdt_prediction.cpp]
[num_class: 1]
[is_unbalance: 0]
[scale_pos_weight: 1]
[sigmoid: 1]
[boost_from_average: 1]
[reg_sqrt: 0]
[alpha: 0.9]
[fair_c: 1]
[poisson_max_delta_step: 0.7]
[tweedie_variance_power: 1.5]
[max_position: 20]
[label_gain: ]
[metric_freq: 1]
[is_provide_training_metric: 0]
[eval_at: ]
[num_machines: 1]
[local_listen_port: 12400]
[time_out: 120]
[machine_list_filename: ]
[machines: ]
[gpu_platform_id: -1]
[gpu_device_id: -1]
[gpu_use_dp: 0]

end of parameters

pandas_categorical:null
