tree
version=v2
num_class=1
num_tree_per_iteration=1
label_index=0
max_feature_idx=8
objective=regression
feature_names=Column_0 Column_1 Column_2 Column_3 Column_4 Column_5 Column_6 Column_7 Column_8
feature_infos=[0:23] [0:6] [1:12] [0:2] none [0:1] [0:1] [0:1] [-3.869999885559082:95.80999755859375]
tree_sizes=699 722 718 724 730 713 713 716 721 719 725 726 719 719 725 733 720 706 718 720

Tree=0
num_leaves=8
num_cat=0
split_feature=0 0 0 8 2 0 8
split_gain=2248.37 2369.88 2203.22 852.23 442.413 303.675 301.339
threshold=7.5000000000000009 5.5000000000000009 6.5000000000000009 71.360000610351577 4.5000000000000009 20.500000000000004 44.524999618530281
decision_type=2 2 2 2 2 2 2
left_child=1 -1 4 5 -3 -2 -7
right_child=3 2 -4 -5 -6 6 -8
leaf_value=3.4373231903044301 3.4075087344037178 3.6742651155633368 3.5227847220209392 3.4936330785342125 3.8873985724376405 3.4075164237465034 3.5074578269283574
leaf_count=1178 6717 199 722 2992 475 776 987
internal_value=0 0.862069 1.7435 -0.172087 3.04375 -0.333985 0.0353906
internal_count=14046 2574 1396 11472 674 8480 1763
shrinkage=1


Tree=1
num_leaves=8
num_cat=0
split_feature=0 0 0 1 1 0 8
split_gain=1741.14 1835.24 1706.18 1228.11 814.474 1130.12 754.139
threshold=7.5000000000000009 5.5000000000000009 6.5000000000000009 4.5000000000000009 4.5000000000000009 11.500000000000002 75.735000610351577
decision_type=2 2 2 2 2 2 2
left_child=1 -1 3 -3 5 -2 -7
right_child=4 2 -4 -5 -6 6 -8
leaf_value=-0.019269947893348332 -0.11430512350595459 0.41549565621784756 0.055936189926231991 0.042511896960875567 0.033091142584963672 -0.033606301447526445 0.070227752399369361
leaf_count=1178 2093 504 722 170 3213 4898 1268
internal_value=0 0.758621 1.53428 2.6785 -0.151437 -0.317629 -0.102112
internal_count=14046 2574 1396 674 11472 8259 6166
shrinkage=0.12


Tree=2
num_leaves=8
num_cat=0
split_feature=2 8 7 1 1 2 8
split_gain=449.4 568.783 349.865 326.819 267.351 421.408 356.166
threshold=5.5000000000000009 74.575000762939467 0.99500000476837169 5.5000000000000009 4.5000000000000009 9.5000000000000018 63.585000991821296
decision_type=2 2 2 2 2 2 2
left_child=1 -1 4 -3 -2 6 -6
right_child=2 3 -4 -5 5 -7 -8
leaf_value=-0.032082048033427533 0.0088985426940581883 0.28643770603108998 -0.14254111248568485 -0.23720691776275635 0.22084013931148558 -0.0084710249444782323 0.068006833977280301
leaf_count=5228 6129 121 190 20 269 894 1195
internal_value=0 -0.213898 0.154198 1.76802 0.184243 0.470388 0.800741
internal_count=14046 5369 8677 141 8487 2358 1464
shrinkage=0.12


Tree=3
num_leaves=8
num_cat=0
split_feature=0 0 0 1 1 0 8
split_gain=1346.04 1420.13 1321.61 981.566 579.274 866.944 526.572
threshold=7.5000000000000009 5.5000000000000009 6.5000000000000009 4.5000000000000009 4.5000000000000009 11.500000000000002 75.735000610351577
decision_type=2 2 2 2 2 2 2
left_child=1 -1 3 -3 5 -2 -7
right_child=4 2 -4 -5 -6 6 -8
leaf_value=-0.017181894287391107 -0.099721227148418731 0.36667760519044734 0.048916830339590267 0.033227223021142623 0.027061606311664529 -0.028181032510911651 0.058583619161171115
leaf_count=1178 2093 504 722 170 3213 4898 1268
internal_value=0 0.66541 1.34773 2.35477 -0.134759 -0.274915 -0.0861535
internal_count=14046 2574 1396 674 11472 8259 6166
shrinkage=0.12


Tree=4
num_leaves=8
num_cat=0
split_feature=8 1 7 8 1 2 7
split_gain=330.148 270.071 180.961 152.779 141.106 136.805 172.937
threshold=54.864999771118171 4.5000000000000009 0.99500000476837169 86.155002593994155 1.0000000180025095e-35 5.5000000000000009 0.095000002533197417
decision_type=2 2 2 2 2 2 2
left_child=2 3 5 -2 -5 6 -1
right_child=1 -3 -4 4 -6 -7 -8
leaf_value=-0.03857505218088101 -0.00040305256007277233 0.057752185791654267 -0.1210126098031138 0.24751984004051453 0.046276236557235277 0.0074771693535836412 0.025903295751614944
leaf_count=3402 4704 1945 233 62 263 2710 727
internal_value=0 0.164837 -0.141796 0.0424553 0.705561 -0.11227 -0.226852
internal_count=14046 6974 7072 5029 325 6839 4129
shrinkage=0.12


Tree=5
num_leaves=8
num_cat=0
split_feature=0 0 0 1 2 1 0
split_gain=1235.38 1164.66 1058.22 675.901 578.825 489.83 739.45
threshold=7.5000000000000009 5.5000000000000009 6.5000000000000009 4.5000000000000009 7.5000000000000009 4.5000000000000009 11.500000000000002
decision_type=2 2 2 2 2 2 2
left_child=1 -1 3 4 -3 -2 -7
right_child=5 2 -4 -5 -6 6 -8
leaf_value=-0.013735348105737052 -0.033459223271629375 0.21321500000200774 0.048560703716404252 0.037462473887901165 0.47231465469165285 0.12506387137904587 -0.010264173151755875
leaf_count=1167 8279 285 718 152 220 761 2464
internal_value=0 0.62027 1.24386 2.16096 2.71742 -0.150039 0.180575
internal_count=14046 2542 1375 657 505 11504 3225
shrinkage=0.12


Tree=6
num_leaves=8
num_cat=0
split_feature=0 0 0 8 8 2 8
split_gain=956.682 901.917 819.487 482.498 411.185 267.116 428.732
threshold=7.5000000000000009 5.5000000000000009 6.5000000000000009 30.804999351501468 66.694999694824233 7.5000000000000009 67.174999237060561
decision_type=2 2 2 2 2 2 2
left_child=1 -1 3 -3 -2 -5 -7
right_child=4 2 -4 5 -6 6 -8
leaf_value=-0.012087109695669923 -0.032458733105076812 0.0037604038972762948 0.042733419140733385 0.19984946661266773 0.015134441070518347 0.44759676830622797 0.043844105943720388
leaf_count=1167 7488 114 718 301 4016 195 47
internal_value=0 0.545838 1.09459 1.90164 -0.132035 2.2943 3.07652
internal_count=14046 2542 1375 657 11504 543 242
shrinkage=0.12


Tree=7
num_leaves=8
num_cat=0
split_feature=0 0 0 1 1 0 8
split_gain=740.855 698.444 634.61 517.952 380.512 576.546 699.49
threshold=7.5000000000000009 5.5000000000000009 6.5000000000000009 4.5000000000000009 4.5000000000000009 11.500000000000002 79.915000915527358
decision_type=2 2 2 2 2 2 2
left_child=1 -1 3 -3 -2 6 -6
right_child=4 2 -4 -5 5 -7 -8
leaf_value=-0.010636655867559438 -0.027564089168495336 0.25926804258740777 0.037605411351131775 0.0066053080424592877 0.089015954605694836 -0.0071724941455698623 0.6802304883003234
leaf_count=1167 8279 505 718 152 731 2464 30
internal_value=0 0.480337 0.963243 1.67344 -0.11619 0.175206 0.936023
internal_count=14046 2542 1375 657 11504 3225 761
shrinkage=0.12


Tree=8
num_leaves=8
num_cat=0
split_feature=0 0 0 1 2 1 0
split_gain=573.718 540.875 491.442 401.102 378.925 294.668 470.357
threshold=7.5000000000000009 5.5000000000000009 6.5000000000000009 4.5000000000000009 7.5000000000000009 4.5000000000000009 11.500000000000002
decision_type=2 2 2 2 2 2 2
left_child=1 -1 3 4 -3 6 -2
right_child=5 2 -4 -5 -6 -7 -8
leaf_value=-0.0093602492692844413 -0.073555474147307773 0.1368284188571729 0.033092760422518658 0.0058126782542584753 0.34646644879200239 0.018501708915344504 -0.0076615351995331154
leaf_count=1167 2085 285 718 152 220 3225 6194
internal_value=0 0.422697 0.847654 1.47263 1.9013 -0.102248 -0.202137
internal_count=14046 2542 1375 657 505 11504 8279
shrinkage=0.12


Tree=9
num_leaves=8
num_cat=0
split_feature=0 0 8 0 8 8 8
split_gain=444.287 418.854 382.165 448.479 311.458 222.119 146.463
threshold=7.5000000000000009 5.5000000000000009 36.774999618530281 6.5000000000000009 66.694999694824233 38.284999847412116 14.625000000000002
decision_type=2 2 2 2 2 2 2
left_child=1 6 -3 5 -2 -4 -1
right_child=4 2 3 -5 -6 -7 -8
leaf_value=0.23004409233729045 -0.025257405573643969 -0.0058842524267467009 0.61015453299880018 0.054490018845307103 0.016164052020387346 0.20096755426954216 -0.015821574110567411
leaf_count=36 7488 420 20 509 4016 426 1131
internal_value=0 0.371973 0.745935 1.09556 -0.0899778 1.82764 -0.0686419
internal_count=14046 2542 1375 955 11504 446 1167
shrinkage=0.12


Tree=10
num_leaves=8
num_cat=0
split_feature=1 0 0 0 0 0 1
split_gain=332.903 340.219 460.397 332.104 849.586 376.305 370.618
threshold=4.5000000000000009 11.500000000000002 22.500000000000004 6.5000000000000009 5.5000000000000009 11.500000000000002 1.5000000000000002
decision_type=2 2 2 2 2 2 2
left_child=3 -2 -3 4 -1 -5 -6
right_child=1 2 -4 5 6 -7 -8
leaf_value=-0.026415424084079292 0.07761133962206207 -0.011685215014279438 0.17279923076360995 -0.057204387946540307 0.034042171057353306 -0.0027998181980975131 0.24632873708291297
leaf_count=898 1424 2279 213 2614 188 6110 320
internal_value=0 0.25684 0.0340277 -0.0864882 0.364533 -0.159177 1.39805
internal_count=14046 3916 2492 10130 1406 8724 508
shrinkage=0.12


Tree=11
num_leaves=8
num_cat=0
split_feature=8 0 1 0 8 0 8
split_gain=302.297 300.958 260.362 281.755 275.162 328.885 263.316
threshold=75.965000152587905 7.5000000000000009 4.5000000000000009 22.500000000000004 50.465000152587898 10.500000000000002 52.715000152587898
decision_type=2 2 2 2 2 2 2
left_child=1 -1 -3 4 -4 -6 -7
right_child=-2 2 3 -5 5 6 -8
leaf_value=0.030482140266239164 0.043475468386694478 -0.028837611453934178 -0.035723260477894828 0.14896720729946519 0.16067870715626162 0.23100000108758065 -0.0057391288315320936
leaf_count=2526 2057 6726 1260 209 271 73 924
internal_value=0 -0.0526434 -0.134502 0.125523 0.0332696 0.362145 0.0966236
internal_count=14046 11989 9463 2737 2528 1268 997
shrinkage=0.12


Tree=12
num_leaves=8
num_cat=0
split_feature=8 2 8 1 2 1 8
split_gain=234.098 252.994 528.391 215.512 198.218 930.753 188.037
threshold=75.965000152587905 6.5000000000000009 79.594997406005874 4.5000000000000009 8.5000000000000018 1.0000000180025095e-35 90.009998321533217
decision_type=2 2 2 2 2 2 2
left_child=3 2 -2 -1 -3 -6 -4
right_child=1 4 6 -5 5 -7 -8
leaf_value=-0.015640229098148318 0.29290671086870135 0.0017487445547867612 -0.018853948271792868 0.020117790344758125 0.90601243650913232 0.042378197090100433 0.33412580028176309
leaf_count=8609 160 1446 230 3380 20 177 24
internal_value=0 0.31882 1.01747 -0.0463262 0.142777 1.08381 0.120821
internal_count=14046 2057 414 11989 1643 197 254
shrinkage=0.12


Tree=13
num_leaves=8
num_cat=0
split_feature=8 8 1 8 2 2 8
split_gain=202.499 173.63 178.917 152.414 132.608 156.426 195.03
threshold=55.375000000000007 55.645000457763679 4.5000000000000009 91.315002441406264 4.5000000000000009 9.5000000000000018 63.815000534057624
decision_type=2 2 2 2 2 2 2
left_child=-1 -2 3 -3 -4 6 -6
right_child=1 2 4 -5 5 -7 -8
leaf_value=-0.013393267016217618 0.22399896477398121 -0.0011620886975713808 -0.066999220722158179 0.16900825075901948 0.15412700790288911 -0.050076549281465245 0.045819362430762844
leaf_count=7151 57 4829 142 77 293 188 1309
internal_value=0 0.128569 0.114081 0.0125729 0.371845 0.445635 0.546904
internal_count=14046 6895 6838 4906 1932 1790 1602
shrinkage=0.12


Tree=14
num_leaves=8
num_cat=0
split_feature=0 8 2 8 1 8 0
split_gain=192.424 199.109 191.049 351.994 186.797 189.329 153.673
threshold=7.5000000000000009 75.735000610351577 6.5000000000000009 79.594997406005874 1.0000000180025095e-35 10.075000286102297 5.5000000000000009
decision_type=2 2 2 2 2 2 2
left_child=4 -2 3 -3 6 -6 -1
right_child=1 2 -4 -5 5 -7 -8
leaf_value=-0.13743761122226714 -0.013384334148500309 0.23321989909340352 0.0092074734453202745 0.010124425172336459 0.32869811112230474 0.039096382589478333 0.020169423689593128
leaf_count=160 9412 170 1640 254 33 2176 201
internal_value=0 -0.0498534 0.231425 0.829776 0.252869 0.361856 -0.414034
internal_count=14046 11476 2064 424 2570 2209 361
shrinkage=0.12


Tree=15
num_leaves=8
num_cat=0
split_feature=7 7 8 2 8 8 1
split_gain=215.547 217.385 183.44 163.607 145.828 174.008 134.988
threshold=0.99500000476837169 0.81499999761581432 52.145000457763679 5.5000000000000009 21.025000572204593 30.414999961853031 4.5000000000000009
decision_type=2 2 2 2 2 2 2
left_child=1 4 -2 -4 -1 -6 -7
right_child=2 -3 3 -5 5 6 -8
leaf_value=0.058331174829054151 -0.17538383551640435 0.086942247597457806 0.21307249826307481 -0.072310977111504013 -0.05441034423006879 -0.010237747730737932 0.018467910812333184
leaf_count=522 192 391 39 112 1001 8528 3261
internal_value=0 -0.0104023 -0.812991 0.0116445 -0.0319884 -0.0531329 -0.0191447
internal_count=14046 13703 343 151 13312 12790 11789
shrinkage=0.12


Tree=16
num_leaves=8
num_cat=0
split_feature=0 2 2 8 1 8 0
split_gain=156.345 186.293 274.938 273.553 186.618 163.669 156.83
threshold=8.5000000000000018 1.5000000000000002 4.5000000000000009 12.669999599456789 4.5000000000000009 19.054999351501468 13.500000000000002
decision_type=2 2 2 2 2 2 2
left_child=1 4 -3 -4 -1 -5 -2
right_child=6 2 3 5 -6 -7 -8
leaf_value=0.16965225597151687 -0.030900040673457575 -0.052895331494764289 0.46268745694841651 -0.31418227252364156 -0.059073944512535545 0.030626403206468145 -4.0966711992027029e-05
leaf_count=210 3531 733 21 20 68 2241 7222
internal_value=0 0.164248 0.092024 0.26317 0.94754 0.229803 -0.0847856
internal_count=14046 3293 3015 2282 278 2261 10753
shrinkage=0.12


Tree=17
num_leaves=8
num_cat=0
split_feature=0 8 8 2 1 0 8
split_gain=121.074 146.788 169.269 297.328 288.287 246.538 197.857
threshold=8.5000000000000018 75.965000152587905 66.694999694824233 6.5000000000000009 3.5000000000000004 6.5000000000000009 66.24499893188478
decision_type=2 2 2 2 2 2 2
left_child=1 2 6 4 -4 -6 -1
right_child=-2 -3 3 -5 5 -7 -8
leaf_value=0.02195000472050989 -0.0089533557654144936 0.18000222662320503 -0.058411223412828235 -0.087047977726538911 0.6177577139854431 0.05250258073210716 0.29774215484920302
leaf_count=2629 10753 78 47 456 25 20 38
internal_value=0 0.144538 0.111653 -0.394544 1.24535 3.05444 0.215663
internal_count=14046 3293 3215 548 92 45 2667
shrinkage=0.12


Tree=18
num_leaves=8
num_cat=0
split_feature=7 7 8 0 8 0 7
split_gain=165.935 182.923 143.247 207.71 327.895 111.54 265.731
threshold=0.99500000476837169 0.98500001430511486 52.145000457763679 18.500000000000004 61.444999694824226 8.5000000000000018 0.7749999761581422
decision_type=2 2 2 2 2 2 2
left_child=1 5 -2 -4 -5 6 -1
right_child=2 -3 3 4 -6 -7 -8
leaf_value=0.012599362817995684 -0.1536650992836803 0.29077765691664909 -0.09499518306816325 0.50976109542846681 -0.1112092244811356 -0.0070465099372547637 0.21953477566241814
leaf_count=3112 192 31 102 25 24 10468 92
internal_value=0 -0.00324889 -0.707439 0.0212747 1.71344 -0.00875052 0.154511
internal_count=14046 13703 343 151 49 13672 3204
shrinkage=0.12


Tree=19
num_leaves=8
num_cat=0
split_feature=1 0 8 8 0 0 2
split_gain=115.093 236.282 232.577 212.73 237.895 194.812 180.801
threshold=4.5000000000000009 10.500000000000002 19.054999351501468 52.43499946594239 1.0000000180025095e-35 9.5000000000000018 6.5000000000000009
decision_type=2 2 2 2 2 2 2
left_child=-1 3 -3 4 -2 6 -5
right_child=1 2 -4 5 -6 -7 -8
leaf_value=-0.0088458350591486597 0.17869347123816462 0.21635438588128159 -0.010087254433258164 0.18572942436786324 -0.022854631536306701 0.27732699963553198 0.031725723872252976
leaf_count=10186 101 67 2598 164 511 87 332
internal_value=0 0.129055 -0.0366196 0.498531 0.0867283 0.930818 0.688719
internal_count=14046 3860 2665 1195 612 583 496
shrinkage=0.12


end of trees

feature importances:
Column_0=49
Column_8=41
Column_1=25
Column_2=17
Column_7=8

parameters:
[boosting: gbdt]
[objective: regression]
[metric: rmse]
[tree_learner: serial]
[device_type: cpu]
[data: ]
[valid: ]
[num_iterations: 100]
[learning_rate: 0.12]
[num_leaves: 8]
[num_threads: 0]
[max_depth: -1]
[min_data_in_leaf: 20]
[min_sum_hessian_in_leaf: 0.001]
[bagging_fraction: 0.8]
[bagging_freq: 5]
[bagging_seed: 3]
[feature_fraction: 0.9]
[feature_fraction_seed: 2]
[early_stopping_round: 0]
[max_delta_step: 0]
[lambda_l1: 0]
[lambda_l2: 0]
[min_gain_to_split: 0]
[drop_rate: 0.1]
[max_drop: 50]
[skip_drop: 0.5]
[xgboost_dart_mode: 0]
[uniform_drop: 0]
[drop_seed: 4]
[top_rate: 0.2]
[other_rate: 0.1]
[min_data_per_group: 100]
[max_cat_threshold: 32]
[cat_l2: 10]
[cat_smooth: 10]
[max_cat_to_onehot: 4]
[top_k: 20]
[monotone_constraints: ]
[feature_contri: ]
[forcedsplits_filename: ]
[refit_decay_rate: 0.9]
[verbosity: 0]
[max_bin: 255]
[min_data_in_bin: 3]
[bin_construct_sample_cnt: 200000]
[histogram_pool_size: -1]
[data_random_seed: 1]
[output_model: LightGBM_model.txt]
[snapshot_freq: -1]
[input_model: ]
[output_result: LightGBM_predict_result.txt]
[initscore_filename: ]
[valid_data_initscores: ]
[pre_partition: 0]
[enable_bundle: 1]
[max_conflict_rate: 0]
[is_enable_sparse: 1]
[sparse_threshold: 0.8]
[use_missing: 1]
[zero_as_missing: 0]
[two_round: 0]
[save_binary: 0]
[enable_load_from_binary_file: 1]
[header: 0]
[label_column: ]
[weight_column: ]
[group_column: ]
[ignore_column: ]
[categorical_feature: ]
[predict_raw_score: 0]
[predict_leaf_index: 0]
[predict_contrib: 0]
[num_iteration_predict: -1]
[pred_early_stop: 0]
[pred_early_stop_freq: 10]
[pred_early_stop_margin: 10]
[convert_model_language: ]
[convert_model: gbdt_prediction.cpp]
[num_class: 1]
[is_unbalance: 0]
[scale_pos_weight: 1]
[sigmoid: 1]
[boost_from_average: 1]
[reg_sqrt: 0]
[alpha: 0.9]
[fair_c: 1]
[poisson_max_delta_step: 0.7]
[tweedie_variance_power: 1.5]
[max_position: 20]
[label_gain: ]
[metric_freq: 1]
[is_provide_training_metric: 0]
[eval_at: ]
[num_machines: 1]
[local_listen_port: 12400]
[time_out: 120]
[machine_list_filename: ]
[machines: ]
[gpu_platform_id: -1]
[gpu_device_id: -1]
[gpu_use_dp: 0]

end of parameters

pandas_categorical:null
