tree
version=v2
num_class=1
num_tree_per_iteration=1
label_index=0
max_feature_idx=8
objective=regression
feature_names=Column_0 Column_1 Column_2 Column_3 Column_4 Column_5 Column_6 Column_7 Column_8
feature_infos=[0:23] [0:6] [1:12] [0:2] none [0:1] [0:1] [0:1] [-9.6000003814697266:96.099998474121094]
tree_sizes=676 692 735 693 730 699 693 703 698 702 708 712 731 719 707 712 709 710 705 709

Tree=0
num_leaves=8
num_cat=0
split_feature=0 0 8 8 8 8 8
split_gain=81950.1 119922 1592.81 1330.96 1592.93 2424 1613.4
threshold=4.0000000000000009 1.0000000180025095e-35 73.944999694824233 72.485000610351577 49.93499946594239 30.23499965667725 56.094999313354499
decision_type=2 2 2 2 2 2 2
left_child=1 -1 3 4 5 -3 -6
right_child=-2 2 -4 -5 6 -7 -8
leaf_value=2.8135915967173077 2.7288945964966 5.6560313749207438 6.1456742133679656 4.279959937424584 6.1656742338677057 4.7773625364411512 5.3277621334140797
leaf_count=747 14756 64 28 21 42 154 156
internal_value=0 7.91845 20.526 20.0576 20.4497 18.5848 22.5029
internal_count=15968 1212 465 437 416 218 198
shrinkage=1


Tree=1
num_leaves=8
num_cat=0
split_feature=0 0 1 8 8 2 1
split_gain=63462.2 92867.6 4080.79 1385.81 1497.51 1225.9 1365.19
threshold=4.0000000000000009 1.0000000180025095e-35 4.5000000000000009 69.43500137329103 65.505001068115249 8.5000000000000018 3.5000000000000004
decision_type=2 2 2 2 2 2 2
left_child=1 -1 3 4 5 -3 -7
right_child=-2 2 -4 -5 -6 6 -8
leaf_value=0.0074292572435126249 -0.067104116412610271 2.5567860575353398 1.6146377802245757 2.9398867832230668 1.4362240685356986 2.2912968877445565 1.1539489800589426
leaf_count=747 14756 170 136 56 27 55 21
internal_value=0 6.96823 18.0629 19.9676 19.038 19.814 16.4752
internal_count=15968 1212 465 329 273 246 76
shrinkage=0.12


Tree=2
num_leaves=8
num_cat=0
split_feature=3 8 8 2 2 8 2
split_gain=1294.61 935.561 559.422 378.938 595.151 900.161 321.455
threshold=1.0000000180025095e-35 76.905002593994155 35.454999923706062 5.5000000000000009 8.5000000000000018 66.395000457763686 6.5000000000000009
decision_type=2 2 2 2 2 2 2
left_child=1 2 -1 -4 5 -5 -7
right_child=-2 -3 3 4 -6 6 -8
leaf_value=0.066498595873064129 -0.11912691678820538 -0.072989280376028504 -0.018311543326423402 0.16973310702512054 -0.0066432390110446257 -0.053685995740865272 0.058018807839230739
leaf_count=3086 1190 1692 4398 882 3080 567 1073
internal_value=0 0.0914875 0.181962 0.0671029 0.239584 0.599785 0.161658
internal_count=15968 14778 13086 10000 5602 2522 1640
shrinkage=0.12


Tree=3
num_leaves=8
num_cat=0
split_feature=0 0 1 8 8 2 8
split_gain=48766.2 71711.5 3202.27 1084.36 1829.49 1081.93 1219.61
threshold=4.0000000000000009 1.0000000180025095e-35 5.5000000000000009 46.614999771118171 29.974999427795414 9.5000000000000018 61.43499946594239
decision_type=2 2 2 2 2 2 2
left_child=1 -1 3 4 -3 6 -5
right_child=-2 2 -4 5 -6 -7 -8
leaf_value=0.0045873635776909477 -0.058972461809348398 2.3290844087559601 1.015302555996459 2.6198606783567473 1.4987611782763686 1.4893187291868801 2.035549890138209
leaf_count=747 14756 58 52 86 112 29 128
internal_value=0 6.10712 15.8565 16.7877 14.8504 18.143 18.9197
internal_count=15968 1212 465 413 170 243 214
shrinkage=0.12


Tree=4
num_leaves=8
num_cat=0
split_feature=3 8 8 2 2 8 2
split_gain=913.627 643.04 391.62 267.126 406.786 385.163 462.504
threshold=1.0000000180025095e-35 37.614999771118171 76.905002593994155 5.5000000000000009 7.5000000000000009 63.655000686645515 6.5000000000000009
decision_type=2 2 2 2 2 2 2
left_child=1 -1 3 -3 5 -5 -7
right_child=-2 2 -4 4 -6 6 -8
leaf_value=0.052436242855155482 -0.10015889846978067 -0.019390065553686053 -0.05847254602198905 0.15986162848828109 -0.0012540829057426793 -0.030159562238321547 0.11533291894355707
leaf_count=3702 1190 3971 1692 486 3652 710 565
internal_value=0 0.0761538 -0.0444436 0.0354013 0.17991 0.574686 0.285946
internal_count=15968 14778 11076 9384 5413 1761 1275
shrinkage=0.12


Tree=5
num_leaves=8
num_cat=0
split_feature=0 0 1 2 1 8 8
split_gain=33257.7 52698.5 5776.87 1600.52 1156.97 1948.84 961.642
threshold=4.0000000000000009 1.0000000180025095e-35 5.5000000000000009 9.5000000000000018 1.0000000180025095e-35 73.944999694824233 34.48500061035157
decision_type=2 2 2 2 2 2 2
left_child=1 -1 3 4 -3 -6 -5
right_child=-2 2 -4 6 5 -7 -8
leaf_value=-0.0084920415074786031 -0.052375954827162792 1.1647116365432737 0.41269723452054535 1.8516087829655614 1.8598991787943826 3.0334764484925705 1.0002661463352187
leaf_count=782 14721 30 52 29 276 22 56
internal_value=0 4.94213 13.3724 14.6231 15.6253 16.2212 10.756
internal_count=15968 1247 465 413 328 298 85
shrinkage=0.12


Tree=6
num_leaves=8
num_cat=0
split_feature=0 0 8 2 8 8 8
split_gain=25754.7 40809.8 1613.54 971.926 1389.03 2520.2 1529.82
threshold=4.0000000000000009 1.0000000180025095e-35 73.944999694824233 9.5000000000000018 66.395000457763686 46.614999771118171 69.43500137329103
decision_type=2 2 2 2 2 2 2
left_child=1 -1 3 4 5 -3 -6
right_child=-2 2 -4 -5 6 -7 -8
leaf_value=-0.0074730000057069545 -0.04609083855689021 1.1958504651876596 2.312454645368788 1.0146688402872135 0.26960480690002442 1.9295952185147576 1.4030135100192211
leaf_count=782 14721 130 27 94 27 140 47
internal_value=0 4.34908 11.7677 11.3052 12.0839 13.1359 8.2456
internal_count=15968 1247 465 438 344 270 74
shrinkage=0.12


Tree=7
num_leaves=8
num_cat=0
split_feature=0 0 1 8 1 8 8
split_gain=19944.5 31603.1 4308.5 983.134 1131.96 1045.43 1175.28
threshold=4.0000000000000009 1.0000000180025095e-35 5.5000000000000009 46.614999771118171 1.0000000180025095e-35 73.944999694824233 51.004999160766609
decision_type=2 2 2 2 2 2 2
left_child=1 -1 3 -3 -5 6 -6
right_child=-2 2 -4 4 5 -7 -8
leaf_value=-0.0065762362263315473 -0.040559937806000208 1.1487011066611323 0.21325722084595608 0.70438930684869938 2.1120545082825877 2.3919647572257299 1.3782847061863652
leaf_count=782 14721 168 52 22 39 22 162
internal_value=0 3.82719 10.3556 11.4357 12.7133 13.3885 12.6721
internal_count=15968 1247 465 413 245 223 201
shrinkage=0.12


Tree=8
num_leaves=8
num_cat=0
split_feature=0 0 1 2 1 7 7
split_gain=15445 24473.4 3336.5 922.257 896.344 803.902 1147.53
threshold=4.0000000000000009 1.0000000180025095e-35 5.5000000000000009 9.5000000000000018 3.5000000000000004 0.62500000000000011 0.085000000894069686
decision_type=2 2 2 2 2 2 2
left_child=1 -1 3 5 -5 6 -3
right_child=-2 2 -4 4 -6 -7 -8
leaf_value=-0.0057870902490737798 -0.035692749110287553 1.3110073019922401 0.18766636394537412 1.1581471706898707 0.35385270595550533 2.017196532658168 0.37090276873111722
leaf_count=782 14721 287 52 53 32 21 20
internal_value=0 3.36793 9.11294 10.0634 7.12795 10.8241 10.4147
internal_count=15968 1247 465 413 85 328 307
shrinkage=0.12


Tree=9
num_leaves=8
num_cat=0
split_feature=0 0 8 8 8 8 0
split_gain=11960.6 18952.2 1018 917.103 856.728 847.91 765.992
threshold=4.0000000000000009 1.0000000180025095e-35 73.255001068115249 70.884998321533217 47.085000991821296 37.82500076293946 18.500000000000004
decision_type=2 2 2 2 2 2 2
left_child=1 -1 3 4 5 -3 -2
right_child=6 2 -4 -5 -6 -7 -8
leaf_value=-0.0050926394672954787 -0.048129644316864617 0.95216194289005718 1.594488249947043 0.19161032676696776 1.1227646104920814 0.42403244549577884 0.01340423786446452
leaf_count=782 10721 130 34 24 211 66 4000
internal_value=0 2.96378 8.01939 7.60381 7.95804 6.45269 -0.261747
internal_count=15968 1247 465 431 407 196 14721
shrinkage=0.12


Tree=10
num_leaves=8
num_cat=0
split_feature=0 0 1 2 2 1 0
split_gain=11251.6 17643.8 2271.16 793.927 1415.36 552.726 502.682
threshold=1.5000000000000002 1.0000000180025095e-35 5.5000000000000009 9.5000000000000018 11.500000000000002 2.5000000000000004 18.500000000000004
decision_type=2 2 2 2 2 2 2
left_child=1 -1 3 5 -5 -3 -2
right_child=6 2 -4 4 -6 -7 -8
leaf_value=0.0071608436756832585 -0.042695513057491467 1.3150511675295622 0.18388977454633129 0.31406351055417742 1.3717696657314382 0.9950656189007705 0.0071955743918033681
leaf_count=785 10754 138 49 49 29 178 3986
internal_value=0 2.90717 7.95297 8.75146 5.89428 9.45672 -0.243366
internal_count=15968 1228 443 394 78 316 14740
shrinkage=0.12


Tree=11
num_leaves=8
num_cat=0
split_feature=0 0 1 1 8 5 2
split_gain=8713.26 13663.3 1758.79 637.862 602.138 567.546 428.359
threshold=1.5000000000000002 1.0000000180025095e-35 5.5000000000000009 2.5000000000000004 51.23500061035157 1.0000000180025095e-35 2.5000000000000004
decision_type=2 2 2 2 2 2 2
left_child=1 -1 3 -3 -4 -5 -2
right_child=6 2 4 5 -6 -7 -8
leaf_value=0.0063015437272323921 0.018360350714809764 1.1003294731949913 -0.28543063881766534 0.85613756008815056 0.55747044489933895 0.2270174571742182 -0.035197429588780665
leaf_count=785 2614 169 23 202 26 23 12126
internal_value=0 2.55831 6.99861 7.70129 1.34852 6.59856 -0.214162
internal_count=15968 1228 443 394 49 225 14740
shrinkage=0.12


Tree=12
num_leaves=8
num_cat=0
split_feature=3 8 8 2 8 1 8
split_gain=441.275 316.098 219.657 176.074 165.052 116.768 101.761
threshold=1.0000000180025095e-35 18.35999965667725 66.395000457763686 2.5000000000000004 66.155002593994155 5.5000000000000009 72.854999542236342
decision_type=2 2 2 2 2 2 2
left_child=1 3 4 -1 -3 6 -2
right_child=5 2 -4 -5 -6 -7 -8
leaf_value=0.16862076520976674 -0.081050618806710606 0.011155255677615144 -0.020392043565218305 -0.0013364588130604137 0.22347411027775618 -0.14643379493640815 -0.0014877185711394186
leaf_count=262 624 10110 4189 132 53 230 368
internal_value=0 0.0470205 0.0227619 0.930673 0.102187 -0.578306 -0.429461
internal_count=15968 14746 14352 394 10163 1222 992
shrinkage=0.12


Tree=13
num_leaves=8
num_cat=0
split_feature=3 8 2 1 8 8 1
split_gain=341.723 255.814 186.739 256.746 176.48 127.147 95.7643
threshold=1.0000000180025095e-35 15.355000019073488 10.500000000000002 5.5000000000000009 66.395000457763686 66.155002593994155 4.5000000000000009
decision_type=2 2 2 2 2 2 2
left_child=1 2 3 -1 5 -3 -2
right_child=6 4 -4 -5 -6 -7 -8
leaf_value=0.11359209218510874 -0.03505955259924564 0.010312187889072478 -0.052032127896351602 0.46016831201942338 -0.017944992894943074 0.19665721808964348 -0.10445633316754188
leaf_count=162 764 10237 67 38 4189 53 458
internal_value=0 0.041378 1.0113 1.49535 0.0234921 0.0939332 -0.50891
internal_count=15968 14746 267 200 14479 10290 1222
shrinkage=0.12


Tree=14
num_leaves=8
num_cat=0
split_feature=0 0 1 2 8 8 0
split_gain=6705.42 10527.7 1350.95 609.567 1616.12 475.392 418.523
threshold=1.5000000000000002 1.0000000180025095e-35 5.5000000000000009 9.5000000000000018 34.48500061035157 51.23500061035157 19.500000000000004
decision_type=2 2 2 2 2 2 2
left_child=1 -1 3 -3 -5 -4 -2
right_child=6 2 5 4 -6 -7 -8
leaf_value=0.0053891579136726969 -0.033089648696599895 0.88510763269801962 -0.25457663608633951 1.2205413249443315 0.090308872753260078 0.49437628434254571 0.016170066705387107
leaf_count=785 11578 316 23 29 49 26 3162
internal_value=0 2.24446 6.14209 6.75793 4.25436 1.19022 -0.187688
internal_count=15968 1228 443 394 78 49 14740
shrinkage=0.12


Tree=15
num_leaves=8
num_cat=0
split_feature=8 1 2 8 1 7 7
split_gain=271.428 264.556 286.956 237.721 133.761 163.196 220.907
threshold=37.375000000000007 5.5000000000000009 2.5000000000000004 13.195000171661379 4.5000000000000009 0.13499999791383746 0.67500001192092907
decision_type=2 2 2 2 2 2 2
left_child=1 4 3 -3 -1 -6 -7
right_child=-2 2 -4 -5 5 6 -8
leaf_value=0.023702526913247014 -0.011508944157960209 0.60640586635896143 0.033670021709586891 0.17759114603534704 -0.069607019667064438 0.37509443842131518 -0.12917248249053956
leaf_count=2712 12315 21 280 164 425 29 22
internal_value=0 0.214484 0.919123 1.88556 0.111706 -0.377224 1.31306
internal_count=15968 3653 465 185 3188 476 51
shrinkage=0.12


Tree=16
num_leaves=8
num_cat=0
split_feature=0 0 1 2 8 8 0
split_gain=3534.88 6040.6 1572.26 646.446 558.887 1384.14 419.492
threshold=1.5000000000000002 1.0000000180025095e-35 4.5000000000000009 9.5000000000000018 67.375000000000014 44.424999237060554 18.500000000000004
decision_type=2 2 2 2 2 2 2
left_child=1 -1 -3 4 5 -4 -2
right_child=6 2 3 -5 -6 -7 -8
leaf_value=-0.01570629377326465 -0.0310908345032598 0.67168562667178255 -0.060230749845504757 -0.40244273352882132 -0.16485499117109509 0.97812059095031323 0.014466750796388277
leaf_count=748 10772 336 36 23 27 38 3988
internal_value=0 1.62273 4.47426 1.43098 2.52056 3.94147 -0.156514
internal_count=15968 1208 460 124 101 74 14760
shrinkage=0.12


Tree=17
num_leaves=8
num_cat=0
split_feature=0 0 1 2 8 8 0
split_gain=2737.41 4677.84 1217.56 500.608 432.802 1071.88 324.855
threshold=1.5000000000000002 1.0000000180025095e-35 4.5000000000000009 9.5000000000000018 67.375000000000014 44.424999237060554 18.500000000000004
decision_type=2 2 2 2 2 2 2
left_child=1 -1 -3 4 5 -4 -2
right_child=6 2 3 -5 -6 -7 -8
leaf_value=-0.013821539150122651 -0.027359933442655068 0.59108334306228372 -0.053003068168958029 -0.35414961529814676 -0.14507238229115804 0.86074611519512378 0.012730740013643502
leaf_count=748 10772 336 36 23 27 38 3988
internal_value=0 1.428 3.93735 1.25926 2.21809 3.4685 -0.137732
internal_count=15968 1208 460 124 101 74 14760
shrinkage=0.12


Tree=18
num_leaves=8
num_cat=0
split_feature=0 0 1 7 2 8 8
split_gain=2119.85 3622.52 942.878 627.731 387.671 335.162 830.063
threshold=1.5000000000000002 1.0000000180025095e-35 4.5000000000000009 0.30500000715255743 9.5000000000000018 67.375000000000014 44.424999237060554
decision_type=2 2 2 2 2 2 2
left_child=1 -1 3 -3 5 6 -4
right_child=-2 2 4 -5 -6 -7 -8
leaf_value=-0.012162955468669932 -0.014544504307536029 0.47069926170051679 -0.046642701824506125 1.0641482558420727 -0.31165165621301399 -0.1276637023025089 0.75745658058869214
leaf_count=748 14760 308 36 28 23 27 38
internal_value=0 1.25664 3.46487 4.33461 1.10815 1.95192 3.05228
internal_count=15968 1208 460 336 124 101 74
shrinkage=0.12


Tree=19
num_leaves=8
num_cat=0
split_feature=0 0 1 2 1 8 8
split_gain=1641.61 2805.28 730.165 300.212 299.164 558.755 687.661
threshold=1.5000000000000002 1.0000000180025095e-35 4.5000000000000009 9.5000000000000018 1.0000000180025095e-35 70.704998016357436 51.004999160766609
decision_type=2 2 2 2 2 2 2
left_child=1 -1 4 -4 -3 6 -6
right_child=-2 2 3 -5 5 -7 -8
leaf_value=-0.010703398451846551 -0.012799164032268268 0.12567558615548269 0.2061229598876273 -0.27425345762916231 0.60817672274957424 0.96227505727247753 0.2206028447433924
leaf_count=748 14760 35 101 23 151 33 117
internal_value=0 1.10585 3.04909 0.975174 3.81446 4.13622 3.65812
internal_count=15968 1208 460 124 336 301 268
shrinkage=0.12


end of trees

feature importances:
Column_8=49
Column_0=35
Column_1=24
Column_2=22
Column_7=5
Column_3=4
Column_5=1

parameters:
[boosting: gbdt]
[objective: regression]
[metric: rmse]
[tree_learner: serial]
[device_type: cpu]
[data: ]
[valid: ]
[num_iterations: 100]
[learning_rate: 0.12]
[num_leaves: 8]
[num_threads: 0]
[max_depth: -1]
[min_data_in_leaf: 20]
[min_sum_hessian_in_leaf: 0.001]
[bagging_fraction: 0.8]
[bagging_freq: 5]
[bagging_seed: 3]
[feature_fraction: 0.9]
[feature_fraction_seed: 2]
[early_stopping_round: 0]
[max_delta_step: 0]
[lambda_l1: 0]
[lambda_l2: 0]
[min_gain_to_split: 0]
[drop_rate: 0.1]
[max_drop: 50]
[skip_drop: 0.5]
[xgboost_dart_mode: 0]
[uniform_drop: 0]
[drop_seed: 4]
[top_rate: 0.2]
[other_rate: 0.1]
[min_data_per_group: 100]
[max_cat_threshold: 32]
[cat_l2: 10]
[cat_smooth: 10]
[max_cat_to_onehot: 4]
[top_k: 20]
[monotone_constraints: ]
[feature_contri: ]
[forcedsplits_filename: ]
[refit_decay_rate: 0.9]
[verbosity: 0]
[max_bin: 255]
[min_data_in_bin: 3]
[bin_construct_sample_cnt: 200000]
[histogram_pool_size: -1]
[data_random_seed: 1]
[output_model: LightGBM_model.txt]
[snapshot_freq: -1]
[input_model: ]
[output_result: LightGBM_predict_result.txt]
[initscore_filename: ]
[valid_data_initscores: ]
[pre_partition: 0]
[enable_bundle: 1]
[max_conflict_rate: 0]
[is_enable_sparse: 1]
[sparse_threshold: 0.8]
[use_missing: 1]
[zero_as_missing: 0]
[two_round: 0]
[save_binary: 0]
[enable_load_from_binary_file: 1]
[header: 0]
[label_column: ]
[weight_column: ]
[group_column: ]
[ignore_column: ]
[categorical_feature: ]
[predict_raw_score: 0]
[predict_leaf_index: 0]
[predict_contrib: 0]
[num_iteration_predict: -1]
[pred_early_stop: 0]
[pred_early_stop_freq: 10]
[pred_early_stop_margin: 10]
[convert_model_language: ]
[convert_model: gbdt_prediction.cpp]
[num_class: 1]
[is_unbalance: 0]
[scale_pos_weight: 1]
[sigmoid: 1]
[boost_from_average: 1]
[reg_sqrt: 0]
[alpha: 0.9]
[fair_c: 1]
[poisson_max_delta_step: 0.7]
[tweedie_variance_power: 1.5]
[max_position: 20]
[label_gain: ]
[metric_freq: 1]
[is_provide_training_metric: 0]
[eval_at: ]
[num_machines: 1]
[local_listen_port: 12400]
[time_out: 120]
[machine_list_filename: ]
[machines: ]
[gpu_platform_id: -1]
[gpu_device_id: -1]
[gpu_use_dp: 0]

end of parameters

pandas_categorical:null
