tree
version=v2
num_class=1
num_tree_per_iteration=1
label_index=0
max_feature_idx=8
objective=regression
feature_names=Column_0 Column_1 Column_2 Column_3 Column_4 Column_5 Column_6 Column_7 Column_8
feature_infos=[0:23] [0:6] [1:12] [0:2] none [0:1] [0:1] [0:1] [-10.220000267028809:95.620002746582031]
tree_sizes=698 710 708 717 715 717 714 714 715 724 718 713 710 715 726 717 721 722 710 718

Tree=0
num_leaves=8
num_cat=0
split_feature=0 0 8 8 8 0 7
split_gain=18698.4 10448.5 3965.79 1549.45 1347.01 1108.78 858.295
threshold=4.0000000000000009 1.0000000180025095e-35 49.514999389648445 58.444999694824226 56.104999542236335 7.5000000000000009 0.55500000715255748
decision_type=2 2 2 2 2 2 2
left_child=1 -1 -2 4 6 -4 -3
right_child=2 3 5 -5 -6 -7 -8
leaf_value=2.9068239137899914 2.8099612869884343 3.5747396818636079 2.8236457469547811 3.2741892768205152 4.4872462882674737 2.6716371673491834 4.1958177102355592
leaf_count=805 6674 379 761 193 28 7511 35
internal_value=0 3.44126 -0.331811 6.47416 7.50637 -0.794501 7.05237
internal_count=16386 1440 14946 635 442 8272 414
shrinkage=1


Tree=1
num_leaves=8
num_cat=0
split_feature=0 0 8 1 8 8 1
split_gain=14508.8 8327.3 3204.88 1878.74 1242.48 1316.46 1157.76
threshold=1.5000000000000002 1.0000000180025095e-35 39.114999771118171 4.5000000000000009 57.885000228881843 55.344999313354499 5.5000000000000009
decision_type=2 2 2 2 2 2 2
left_child=1 -1 6 4 5 -3 -2
right_child=2 3 -4 -5 -6 -7 -8
leaf_value=0.11075877148616388 0.030444360140424506 0.90567983534798691 -0.068961254419261514 0.38441519896601151 0.54181895470619201 1.8923164067949567 0.21730587746786034
leaf_count=805 3536 268 10871 193 140 21 552
internal_value=0 3.04642 -0.290836 5.79458 6.96029 8.14478 0.463968
internal_count=16386 1427 14959 622 429 289 4088
shrinkage=0.12


Tree=2
num_leaves=8
num_cat=0
split_feature=8 1 2 8 8 7 8
split_gain=3865.02 1181.82 779.525 1203.88 863.583 1970.32 587.99
threshold=50.004999160766609 4.5000000000000009 11.500000000000002 36.295000076293952 32.534999847412116 0.22500000149011615 38.444999694824226
decision_type=2 2 2 2 2 2 2
left_child=1 6 4 -4 5 -3 -1
right_child=-2 2 3 -5 -6 -7 -8
leaf_value=0.066145112403368539 -0.054079698302278073 0.18914113861357368 0.13244926711932858 0.63133153583552382 0.054153771664083097 1.401513051867485 -0.014047004284865078
leaf_count=3186 8808 554 187 111 1276 20 2244
internal_value=0 0.52342 1.15131 2.65229 0.909526 1.9282 0.275041
internal_count=16386 7578 2148 298 1850 574 5430
shrinkage=0.12


Tree=3
num_leaves=8
num_cat=0
split_feature=0 0 8 1 1 7 0
split_gain=11151.4 6445.05 1921.91 1493.52 1161.97 1157.67 881.296
threshold=1.5000000000000002 1.0000000180025095e-35 49.514999389648445 4.5000000000000009 4.5000000000000009 0.55500000715255748 6.5000000000000009
decision_type=2 2 2 2 2 2 2
left_child=1 -1 4 5 -2 -3 -4
right_child=2 3 6 -5 -6 -7 -8
leaf_value=0.096324810442231262 -0.014118724262714386 0.67750818625281128 0.11435637642939886 0.33338990610826358 0.097025918276752499 1.4072414903167414 -0.077622321569130071
leaf_count=805 4800 395 360 193 1887 34 7912
internal_value=0 2.6708 -0.254953 5.08851 0.143709 6.12785 -0.577228
internal_count=16386 1427 14959 622 6687 429 8272
shrinkage=0.12


Tree=4
num_leaves=8
num_cat=0
split_feature=8 1 3 2 1 8 7
split_gain=2578.77 823.902 739.059 634.377 824.919 1037.44 473.046
threshold=39.114999771118171 5.5000000000000009 1.0000000180025095e-35 11.500000000000002 3.5000000000000004 48.264999389648445 0.66500002145767223
decision_type=2 2 2 2 2 2 2
left_child=1 -1 3 -2 -5 -6 -3
right_child=2 6 -4 4 5 -7 -8
leaf_value=0.0559793752562621 -0.024488239487694553 0.18045591055750845 -0.11983009490396007 -0.069518685980540951 0.1398446099803998 0.82424795104109716 0.66873354625701897
leaf_count=3966 10337 600 1180 123 104 46 30
internal_value=0 0.635244 -0.247827 -0.164331 1.34031 2.9144 1.69756
internal_count=16386 4596 11790 10610 273 150 630
shrinkage=0.12


Tree=5
num_leaves=8
num_cat=0
split_feature=0 0 0 2 2 1 1
split_gain=9453.71 1885.07 4987.98 1592.02 1594.02 1425.35 969.531
threshold=6.5000000000000009 1.0000000180025095e-35 1.5000000000000002 3.5000000000000004 11.500000000000002 4.5000000000000009 4.5000000000000009
decision_type=2 2 2 2 2 2 2
left_child=1 -1 5 -2 -5 -3 -6
right_child=3 2 -4 4 6 -7 -8
leaf_value=0.086448559494559998 0.032305773749115342 0.69425406895351072 0.11756525961287094 -0.073806216503275665 0.014521913012128419 0.29623669297464433 0.28264109736118675
leaf_count=808 3796 427 792 9385 727 186 265
internal_value=0 1.93745 2.63736 -0.28492 -0.487628 4.77904 0.717887
internal_count=16386 2213 1405 14173 10377 613 992
shrinkage=0.12


Tree=6
num_leaves=8
num_cat=0
split_feature=0 0 0 2 2 8 7
split_gain=7320.95 1459.8 3862.69 1232.86 1234.41 890.343 919.016
threshold=6.5000000000000009 1.0000000180025095e-35 1.5000000000000002 3.5000000000000004 11.500000000000002 57.885000228881843 0.20499999821186068
decision_type=2 2 2 2 2 2 2
left_child=1 -1 5 -2 -5 6 -3
right_child=3 2 -4 4 -6 -7 -8
leaf_value=0.076074735353156772 0.028429081865024013 0.54080332050761892 0.10345743120337526 -0.064949466720278987 0.075808917423409797 0.29837860988213283 1.0995176906883717
leaf_count=808 3796 363 792 9385 992 202 48
internal_value=0 1.70495 2.32087 -0.25073 -0.429113 4.20556 5.05046
internal_count=16386 2213 1405 14173 10377 613 411
shrinkage=0.12


Tree=7
num_leaves=8
num_cat=0
split_feature=0 3 0 0 1 7 2
split_gain=5669.35 1176.44 1031.16 2836.48 1088.24 1166.81 954.725
threshold=6.5000000000000009 1.0000000180025095e-35 1.5000000000000002 1.0000000180025095e-35 5.5000000000000009 0.20499999821186068 3.5000000000000004
decision_type=2 2 2 2 2 2 2
left_child=1 2 3 -1 5 -5 -2
right_child=6 -3 -4 4 -6 -7 -8
leaf_value=0.10227868346606983 0.02501759547893315 -0.21799084051566966 0.091042539825324315 0.45803996448726159 0.051825137705688015 1.0423950671716169 -0.0453142992416561
leaf_count=714 3796 102 792 467 83 55 10377
internal_value=0 1.50036 1.66063 2.2022 3.79529 4.33008 -0.220642
internal_count=16386 2213 2111 1319 605 522 14173
shrinkage=0.12


Tree=8
num_leaves=8
num_cat=0
split_feature=0 3 0 0 1 7 2
split_gain=4390.34 911.038 798.529 2196.57 941.071 813.647 739.339
threshold=6.5000000000000009 1.0000000180025095e-35 1.5000000000000002 1.0000000180025095e-35 4.5000000000000009 0.20499999821186068 3.5000000000000004
decision_type=2 2 2 2 2 2 2
left_child=1 2 3 -1 5 -5 -2
right_child=6 -3 -4 4 -6 -7 -8
leaf_value=0.0900052410351629 0.02201547859945149 -0.19183193673982338 0.080117434973349611 0.4439429169971692 0.17351066246140198 1.0005375545365469 -0.039876582611735337
leaf_count=714 3796 102 792 380 183 42 10377
internal_value=0 1.32032 1.46135 1.93794 3.33985 4.16115 -0.194165
internal_count=16386 2213 2111 1319 605 422 14173
shrinkage=0.12


Tree=9
num_leaves=8
num_cat=0
split_feature=0 3 2 2 0 0 2
split_gain=3399.88 705.508 703.274 825.199 618.381 1701.02 663.419
threshold=6.5000000000000009 1.0000000180025095e-35 11.500000000000002 3.5000000000000004 1.5000000000000002 1.0000000180025095e-35 6.5000000000000009
decision_type=2 2 2 2 2 2 2
left_child=1 4 3 -2 5 -1 -7
right_child=2 -3 -4 -5 -6 6 -8
leaf_value=0.079204613992146081 0.019373627727668735 -0.16881211540278265 0.076934751420612291 -0.046932628038720878 0.070503342229534277 0.46893795387625142 0.21685578713493961
leaf_count=714 3796 102 992 9385 792 326 279
internal_value=0 1.16188 -0.170865 -0.231976 1.28599 1.70539 2.93907
internal_count=16386 2213 14173 13181 2111 1319 605
shrinkage=0.12


Tree=10
num_leaves=8
num_cat=0
split_feature=0 2 1 7 2 0 0
split_gain=2333.03 537.278 675.386 421.094 396.33 394.716 1265.12
threshold=7.5000000000000009 11.500000000000002 4.5000000000000009 0.5249999761581422 3.5000000000000004 4.0000000000000009 1.0000000180025095e-35
decision_type=2 2 2 2 2 2 2
left_child=5 4 -3 -4 -2 6 -1
right_child=1 2 3 -5 -6 -7 -8
leaf_value=0.041973962904353887 0.0059934211667024241 0.0033170377236345539 0.1872383559187874 0.76034692668914794 -0.041219466387641464 0.055003323580953715 0.26956517071391528
leaf_count=806 3615 667 240 20 8776 1638 624
internal_value=0 -0.173774 0.560559 1.9277 -0.228712 0.7935 1.17739
internal_count=16386 13318 927 260 12391 3068 1430
shrinkage=0.12


Tree=11
num_leaves=8
num_cat=0
split_feature=0 8 5 0 2 1 8
split_gain=1806.7 488.334 608.43 925.263 578.816 756.615 932.745
threshold=7.5000000000000009 32.534999847412116 1.0000000180025095e-35 10.500000000000002 11.500000000000002 4.5000000000000009 48.264999389648445
decision_type=2 2 2 2 2 2 2
left_child=-1 2 -2 -4 -3 -6 -7
right_child=1 4 3 -5 5 6 -8
leaf_value=0.083793648643203017 0.016101265236359685 -0.033790417114259834 0.89685646232631466 0.1325843611237954 0.0092043989553811049 0.204965109606152 1.074673376423972
leaf_count=3068 1785 10845 27 147 378 115 21
internal_value=0 -0.152921 0.308175 2.09315 -0.232443 0.804449 2.82715
internal_count=16386 13318 1959 174 11359 514 136
shrinkage=0.12


Tree=12
num_leaves=8
num_cat=0
split_feature=8 1 2 8 1 2 8
split_gain=668.565 461.204 431.598 686.008 891.439 405.008 1419.05
threshold=39.774999618530281 5.5000000000000009 11.500000000000002 48.264999389648445 3.5000000000000004 9.5000000000000018 36.295000076293952
decision_type=2 2 2 2 2 2 2
left_child=1 -1 -2 -4 -5 -3 -7
right_child=2 5 3 4 -6 6 -8
leaf_value=0.023193281058662679 -0.018531890872794877 0.077168475495666022 0.0018795594450305491 -0.11389924000049459 0.71094193339347833 0.097775432670577644 0.92610870684855251
leaf_count=4185 11275 508 170 29 54 126 39
internal_value=0 0.316837 -0.125448 1.16625 3.52287 1.08518 2.44636
internal_count=16386 4858 11528 253 83 673 165
shrinkage=0.12


Tree=13
num_leaves=8
num_cat=0
split_feature=7 2 8 1 8 8 7
split_gain=551.492 567.072 521.31 373.445 525.073 330.421 1333.76
threshold=0.99500000476837169 9.5000000000000018 39.774999618530281 4.5000000000000009 17.239999771118168 32.534999847412116 0.43500000238418585
decision_type=2 2 2 2 2 2 2
left_child=2 -2 3 -1 -5 6 -6
right_child=1 -3 -4 4 5 -7 -8
leaf_value=0.0095806031507608067 0.050986523927583807 0.37238163153420795 -0.016985786207329202 -0.13700726046510364 0.13978231916913833 0.048343827822568394 1.113915850009237
leaf_count=3456 281 110 11215 138 559 606 21
internal_value=0 1.17837 -0.0236872 0.252843 0.70443 0.919245 1.45877
internal_count=16386 391 15995 4780 1324 1186 580
shrinkage=0.12


Tree=14
num_leaves=8
num_cat=0
split_feature=0 0 1 1 8 1 0
split_gain=1373.95 972.305 797.165 738.641 543.384 541.768 586.441
threshold=4.0000000000000009 1.0000000180025095e-35 1.0000000180025095e-35 4.5000000000000009 19.114999771118168 4.5000000000000009 11.500000000000002
decision_type=2 2 2 2 2 2 2
left_child=1 2 -1 4 -3 -2 -7
right_child=5 3 -4 -5 -6 6 -8
leaf_value=0.31258164558090079 -0.024415645176262935 0.88518435888640257 -0.023829968708311104 0.042046464815203632 0.2850026905751975 0.091486356755409975 -0.0046588322420280199
leaf_count=119 10787 23 687 210 391 1352 2817
internal_value=0 0.940857 0.215323 1.87801 2.65288 -0.0851419 0.221007
internal_count=16386 1430 806 624 414 14956 4169
shrinkage=0.12


Tree=15
num_leaves=8
num_cat=0
split_feature=8 7 7 8 2 7 1
split_gain=353.285 4324.64 349.083 215.986 243.137 209.559 231.092
threshold=32.534999847412116 0.54500001668930065 0.99500000476837169 36.295000076293952 9.5000000000000018 0.085000000894069686 5.5000000000000009
decision_type=2 2 2 2 2 2 2
left_child=1 5 -2 -4 -5 6 -1
right_child=2 -3 3 4 -6 -7 -8
leaf_value=0.014554166286215704 -0.013792036261060943 1.4700829861760139 0.42915959623124866 0.013979993697474984 0.23094692594664437 -0.13596115329326727 0.12599516197600785
leaf_count=2155 13391 30 27 255 105 117 306
internal_value=0 0.313503 -0.0878741 0.848442 0.64385 0.17459 0.236756
internal_count=16386 2608 13778 387 360 2578 2461
shrinkage=0.12


Tree=16
num_leaves=8
num_cat=0
split_feature=0 0 2 1 8 3 0
split_gain=911.759 366.75 358.299 353.048 758.563 315.953 281.636
threshold=7.5000000000000009 21.500000000000004 9.5000000000000018 5.5000000000000009 40.614999771118171 1.0000000180025095e-35 1.5000000000000002
decision_type=2 2 2 2 2 2 2
left_child=5 -2 -3 -4 -5 6 -1
right_child=1 2 3 4 -6 -7 -8
leaf_value=0.10540124696543625 -0.023408608627213941 0.0082454391623244562 0.096706049665808674 0.90723087043762196 -0.037263768929988145 -0.15289522655010224 0.030603857105546209
leaf_count=1310 11735 1275 294 25 24 100 1623
internal_value=0 -0.133534 0.312788 1.22007 3.70518 0.473833 0.533429
internal_count=16386 13353 1618 343 49 3033 2933
shrinkage=0.12


Tree=17
num_leaves=8
num_cat=0
split_feature=0 8 0 8 0 1 0
split_gain=706.066 296.555 368.406 356.044 294.471 433.315 295.831
threshold=7.5000000000000009 70.93500137329103 4.0000000000000009 68.534999847412124 13.500000000000002 4.5000000000000009 12.500000000000002
decision_type=2 2 2 2 2 2 2
left_child=1 3 -3 -1 5 6 -2
right_child=4 2 -4 -5 -6 -7 -8
leaf_value=0.050516337199126328 -0.043848674505688405 -0.22563551845186847 0.1188050815463066 0.25531719963066279 -0.00023446998854462933 0.01989347761530974 -0.13712021407519512
leaf_count=2715 3059 118 72 128 8317 1394 583
internal_value=0 0.416973 -0.792589 0.497809 -0.11751 -0.308351 -0.489827
internal_count=16386 3033 190 2843 13353 5036 3642
shrinkage=0.12


Tree=18
num_leaves=8
num_cat=0
split_feature=0 0 8 1 7 2 1
split_gain=588.032 773.182 689.475 376.034 906.363 335.483 615.768
threshold=1.5000000000000002 1.0000000180025095e-35 70.93500137329103 4.5000000000000009 0.20499999821186068 7.5000000000000009 1.5000000000000002
decision_type=2 2 2 2 2 2 2
left_child=1 -1 3 4 5 -3 -7
right_child=-2 2 -4 -5 -6 6 -8
leaf_value=-0.0042450610077888256 -0.0089370996181232596 0.31361198588787953 -0.27086516960807466 0.069025077399577986 0.87164678624447645 0.41804551642874016 -0.13171074898154647
leaf_count=811 14976 214 46 178 34 46 81
internal_value=0 0.601031 1.46268 1.77211 2.34023 1.84933 0.56178
internal_count=16386 1410 599 553 375 341 127
shrinkage=0.12


Tree=19
num_leaves=8
num_cat=0
split_feature=0 0 2 1 8 8 3
split_gain=462.672 264.311 277.467 273.4 587.431 258.516 208.147
threshold=7.5000000000000009 21.500000000000004 9.5000000000000018 5.5000000000000009 40.614999771118171 10.170000076293947 1.0000000180025095e-35
decision_type=2 2 2 2 2 2 2
left_child=5 -2 -3 -4 -5 -1 -7
right_child=1 2 3 4 -6 6 -8
leaf_value=0.31397766940827881 -0.01760555565385144 0.0083565725426463511 0.086201911981084511 0.79946379632949827 -0.031691531792093879 0.041994890085280706 -0.13410846018791198
leaf_count=49 11735 1275 294 25 24 2884 100
internal_value=0 -0.0944714 0.284425 1.08283 3.26973 0.338189 0.300778
internal_count=16386 13353 1618 343 49 3033 2984
shrinkage=0.12


end of trees

feature importances:
Column_0=42
Column_8=31
Column_1=25
Column_2=21
Column_7=14
Column_3=6
Column_5=1

parameters:
[boosting: gbdt]
[objective: regression]
[metric: rmse]
[tree_learner: serial]
[device_type: cpu]
[data: ]
[valid: ]
[num_iterations: 100]
[learning_rate: 0.12]
[num_leaves: 8]
[num_threads: 0]
[max_depth: -1]
[min_data_in_leaf: 20]
[min_sum_hessian_in_leaf: 0.001]
[bagging_fraction: 0.8]
[bagging_freq: 5]
[bagging_seed: 3]
[feature_fraction: 0.9]
[feature_fraction_seed: 2]
[early_stopping_round: 0]
[max_delta_step: 0]
[lambda_l1: 0]
[lambda_l2: 0]
[min_gain_to_split: 0]
[drop_rate: 0.1]
[max_drop: 50]
[skip_drop: 0.5]
[xgboost_dart_mode: 0]
[uniform_drop: 0]
[drop_seed: 4]
[top_rate: 0.2]
[other_rate: 0.1]
[min_data_per_group: 100]
[max_cat_threshold: 32]
[cat_l2: 10]
[cat_smooth: 10]
[max_cat_to_onehot: 4]
[top_k: 20]
[monotone_constraints: ]
[feature_contri: ]
[forcedsplits_filename: ]
[refit_decay_rate: 0.9]
[verbosity: 0]
[max_bin: 255]
[min_data_in_bin: 3]
[bin_construct_sample_cnt: 200000]
[histogram_pool_size: -1]
[data_random_seed: 1]
[output_model: LightGBM_model.txt]
[snapshot_freq: -1]
[input_model: ]
[output_result: LightGBM_predict_result.txt]
[initscore_filename: ]
[valid_data_initscores: ]
[pre_partition: 0]
[enable_bundle: 1]
[max_conflict_rate: 0]
[is_enable_sparse: 1]
[sparse_threshold: 0.8]
[use_missing: 1]
[zero_as_missing: 0]
[two_round: 0]
[save_binary: 0]
[enable_load_from_binary_file: 1]
[header: 0]
[label_column: ]
[weight_column: ]
[group_column: ]
[ignore_column: ]
[categorical_feature: ]
[predict_raw_score: 0]
[predict_leaf_index: 0]
[predict_contrib: 0]
[num_iteration_predict: -1]
[pred_early_stop: 0]
[pred_early_stop_freq: 10]
[pred_early_stop_margin: 10]
[convert_model_language: ]
[convert_model: gbdt_prediction.cpp]
[num_class: 1]
[is_unbalance: 0]
[scale_pos_weight: 1]
[sigmoid: 1]
[boost_from_average: 1]
[reg_sqrt: 0]
[alpha: 0.9]
[fair_c: 1]
[poisson_max_delta_step: 0.7]
[tweedie_variance_power: 1.5]
[max_position: 20]
[label_gain: ]
[metric_freq: 1]
[is_provide_training_metric: 0]
[eval_at: ]
[num_machines: 1]
[local_listen_port: 12400]
[time_out: 120]
[machine_list_filename: ]
[machines: ]
[gpu_platform_id: -1]
[gpu_device_id: -1]
[gpu_use_dp: 0]

end of parameters

pandas_categorical:null
