tree
version=v2
num_class=1
num_tree_per_iteration=1
label_index=0
max_feature_idx=8
objective=regression
feature_names=Column_0 Column_1 Column_2 Column_3 Column_4 Column_5 Column_6 Column_7 Column_8
feature_infos=[0:23] [0:6] [1:12] [0:2] none [0:1] [0:1] [0:1] [-10.140000343322754:95.760002136230469]
tree_sizes=707 723 710 724 710 719 730 727 721 727 731 714 716 724 724 715 717 710 714 706

Tree=0
num_leaves=8
num_cat=0
split_feature=0 8 0 2 0 7 8
split_gain=6963.11 2927.56 858.659 851.397 851.024 545.075 516.943
threshold=1.0000000180025095e-35 43.954999923706062 19.500000000000004 11.500000000000002 20.500000000000004 0.99500000476837169 29.675000190734867
decision_type=2 2 2 2 2 2 2
left_child=-1 2 6 4 -3 -4 -2
right_child=1 3 5 -5 -6 -7 -8
leaf_value=2.60319290641567 2.3329393884201663 2.1725886827060017 2.3724540561382867 2.4927400846763863 2.2719075923008294 2.9274190909365956 2.2454592281854295
leaf_count=755 1423 8500 1287 133 1455 26 3074
internal_value=0 -0.13316 0.432292 -0.458822 -0.492401 1.14375 0.224565
internal_count=16653 15898 5810 10088 9955 1313 4497
shrinkage=1


Tree=1
num_leaves=8
num_cat=0
split_feature=0 8 1 0 2 0 1
split_gain=5392.23 2276.4 1353.19 762.913 698.307 643.165 592.012
threshold=1.0000000180025095e-35 44.914999008178718 4.5000000000000009 10.500000000000002 11.500000000000002 20.500000000000004 2.5000000000000004
decision_type=2 2 2 2 2 2 2
left_child=-1 2 3 -2 5 -3 -6
right_child=1 4 -4 -5 6 -7 -8
leaf_value=0.31415989981739723 -0.056470629173425525 -0.066005391646466238 0.13572803579739567 0.047064301312936319 -0.15318286676664608 0.021447252043547853 0.42846612435352954
leaf_count=755 1625 8295 1669 2775 37 1418 79
internal_value=0 -0.117181 0.364377 0.0735581 -0.414523 -0.443652 2.0245
internal_count=16653 15898 6069 4400 9829 9713 116
shrinkage=0.12


Tree=2
num_leaves=8
num_cat=0
split_feature=8 1 7 2 8 8 1
split_gain=1962.03 786.746 438.793 412.393 367.473 377.067 445.101
threshold=42.764999389648445 4.5000000000000009 0.99500000476837169 9.5000000000000018 35.215000152587898 14.514999866485597 5.5000000000000009
decision_type=2 2 2 2 2 2 2
left_child=1 -1 -2 -4 5 -3 -7
right_child=2 4 3 -5 -6 6 -8
leaf_value=0.02988609201325531 -0.033289557257566812 -0.034025266571579692 0.012445169940837839 0.31908910702184301 0.060952602892040131 0.1217756786590649 0.29897226408470506
leaf_count=4205 10578 107 181 97 666 432 387
internal_value=0 0.475726 -0.244821 0.99533 1.07445 1.4819 1.71255
internal_count=16653 5797 10856 278 1592 926 819
shrinkage=0.12


Tree=3
num_leaves=8
num_cat=0
split_feature=0 8 1 0 0 1 8
split_gain=4159.47 1409.32 778.756 751.58 492.497 962.623 467.712
threshold=1.0000000180025095e-35 39.655000686645515 5.5000000000000009 19.500000000000004 12.500000000000002 4.5000000000000009 30.525000572204593
decision_type=2 2 2 2 2 2 2
left_child=-1 2 -2 6 5 -3 -4
right_child=1 4 3 -5 -6 -7 -8
leaf_value=0.27583618506996443 0.024049013948521498 -0.10042254639006876 0.24671055761795468 0.40470724676911896 -0.014863677940967605 0.02353101884516386 -0.0002945682406425476
leaf_count=755 4013 3256 179 148 6766 1248 288
internal_value=0 -0.103627 0.360994 1.40885 -0.294422 -0.550639 0.786516
internal_count=16653 15898 4628 615 11270 4504 467
shrinkage=0.12


Tree=4
num_leaves=8
num_cat=0
split_feature=2 2 7 8 1 8 8
split_gain=1253.32 889.028 549.344 386.752 443.215 1093.84 274.332
threshold=11.500000000000002 3.5000000000000004 0.99500000476837169 14.514999866485597 4.5000000000000009 21.445000648498539 20.695000648498539
decision_type=2 2 2 2 2 2 2
left_child=1 6 3 -2 -5 -6 -1
right_child=2 -3 -4 4 5 -7 -8
leaf_value=0.11615842447605926 -0.16353373074531555 -0.02673130224631309 0.6298403527066111 0.079535943881885424 1.0899576745714461 0.18920884896316184 0.025476473981198698
leaf_count=546 70 10991 30 740 21 257 3998
internal_value=0 -0.0689445 1.02728 0.910884 1.06723 2.14376 0.303106
internal_count=16653 15535 1118 1088 1018 278 4544
shrinkage=0.12


Tree=5
num_leaves=8
num_cat=0
split_feature=0 8 1 2 1 5 0
split_gain=3262.05 1130.19 1123.85 700.185 690.14 538.107 529.603
threshold=1.0000000180025095e-35 43.954999923706062 4.5000000000000009 11.500000000000002 3.5000000000000004 1.0000000180025095e-35 11.500000000000002
decision_type=2 2 2 2 2 2 2
left_child=-1 2 6 -3 -5 -6 -2
right_child=1 3 -4 4 5 -7 -8
leaf_value=0.24078336286325489 -0.0537529035146199 -0.041466961259730338 0.1135302925484984 -0.095321542795966649 0.17185375181528237 0.81998800584248133 0.032311817631952955
leaf_count=761 1786 9933 1617 51 39 35 2431
internal_value=0 -0.112858 0.237295 -0.31596 2.03603 3.9867 -0.0344887
internal_count=16653 15892 5834 10058 125 74 4217
shrinkage=0.12


Tree=6
num_leaves=8
num_cat=0
split_feature=0 0 2 7 2 8 3
split_gain=2526.13 961.166 693.028 845.237 505.496 403.049 357.115
threshold=1.0000000180025095e-35 21.500000000000004 11.500000000000002 0.99500000476837169 3.5000000000000004 36.864999771118171 1.0000000180025095e-35
decision_type=2 2 2 2 2 2 2
left_child=6 2 4 -4 -2 -3 -1
right_child=1 5 3 -5 -6 -7 -8
leaf_value=0.24026075984274636 0.0072571430962239487 0.16894521797443648 0.057070809040010349 0.76379319248199462 -0.044206931515547374 0.037333723186522491 -0.026290257065384473
leaf_count=680 3887 471 966 25 9382 1161 81
internal_value=0 -0.0993152 -0.182513 0.624161 -0.242759 0.627643 1.76574
internal_count=16653 15892 14260 991 13269 1632 761
shrinkage=0.12


Tree=7
num_leaves=8
num_cat=0
split_feature=0 0 1 8 1 0 0
split_gain=1956.24 811.365 846.969 1141.52 535.779 1082.94 477.254
threshold=1.0000000180025095e-35 19.500000000000004 5.5000000000000009 28.724999427795414 4.5000000000000009 9.5000000000000018 12.500000000000002
decision_type=2 2 2 2 2 2 2
left_child=-1 4 -3 -4 6 -6 -2
right_child=1 2 3 -5 5 -7 -8
leaf_value=0.18646263758413267 -0.065534508279586262 0.017467869367803396 0.74529766991734503 0.12815723771177162 0.11080157934302071 -0.031299814372067511 -0.010346141041293529
leaf_count=761 4844 2850 48 428 1151 2347 4224
internal_value=0 -0.0873974 0.351796 1.58658 -0.203644 0.128816 -0.331892
internal_count=16653 15892 3326 476 12566 3498 9068
shrinkage=0.12


Tree=8
num_leaves=8
num_cat=0
split_feature=0 2 7 0 1 2 1
split_gain=1514.91 659.559 672.706 593.435 472.263 584.17 432.015
threshold=1.0000000180025095e-35 11.500000000000002 0.99500000476837169 19.500000000000004 5.5000000000000009 2.5000000000000004 1.0000000180025095e-35
decision_type=2 2 2 2 2 2 2
left_child=6 3 -3 -2 -5 -6 -1
right_child=1 2 -4 4 5 -7 -8
leaf_value=-0.076757695719282676 -0.028285491315970884 0.065005511231546367 0.65074126777977781 0.011591599440155935 0.43882504568248987 0.08077859116090487 0.19802926999414855
leaf_count=94 11686 1070 29 2662 80 365 667
internal_value=0 -0.0769097 0.670514 -0.132437 0.256 1.20955 1.36739
internal_count=16653 15892 1099 14793 3107 445 761
shrinkage=0.12


Tree=9
num_leaves=8
num_cat=0
split_feature=0 8 0 3 2 7 7
split_gain=1173.15 683.443 415.767 281.953 262.926 614.513 256.773
threshold=1.0000000180025095e-35 29.675000190734867 20.500000000000004 1.0000000180025095e-35 11.500000000000002 0.99500000476837169 0.30500000715255743
decision_type=2 2 2 2 2 2 2
left_child=3 6 4 -1 -3 -6 -2
right_child=1 2 -4 -5 5 -7 -8
leaf_value=0.16960620622425202 0.055526326582876977 -0.030126404211345666 0.031690785005953251 -0.067238999605178831 0.026011854499319 0.64519106075167654 0.48782608544826506
leaf_count=680 1843 11276 2126 81 603 24 20
internal_value=0 -0.0676805 -0.143251 1.20331 -0.216007 0.414271 0.501394
internal_count=16653 15892 14029 761 11903 627 1863
shrinkage=0.12


Tree=10
num_leaves=8
num_cat=0
split_feature=0 0 1 0 0 3 7
split_gain=614.752 471.476 405.602 721.817 463.122 369.564 295.052
threshold=21.500000000000004 1.5000000000000002 4.5000000000000009 9.5000000000000018 7.5000000000000009 1.0000000180025095e-35 0.49500000476837164
decision_type=2 2 2 2 2 2 2
left_child=1 5 4 6 -3 -1 -4
right_child=-2 2 3 -5 -6 -7 -8
leaf_value=0.11157519983930576 0.068955587705757312 -0.080984722112270091 0.082512267788796348 -0.013259531219519335 -0.014186719988946711 -0.14811854373203234 0.31617851573441708
leaf_count=696 1641 1817 1057 2845 8424 89 84
internal_value=0 -0.070018 -0.111646 0.158996 -0.216986 0.684435 0.830956
internal_count=16653 15012 14227 3986 10241 785 1141
shrinkage=0.12


Tree=11
num_leaves=8
num_cat=0
split_feature=8 0 1 0 8 0 2
split_gain=637.597 320.019 283.652 296.279 365.463 301.156 274.593
threshold=30.525000572204593 21.500000000000004 5.5000000000000009 19.500000000000004 22.884999275207523 9.5000000000000018 9.5000000000000018
decision_type=2 2 2 2 2 2 2
left_child=2 6 -1 5 -5 -4 -2
right_child=1 -3 3 4 -6 -7 -8
leaf_value=0.043355518228814754 -0.02434493032406148 0.045369942532729926 0.22639958442267724 0.7795557179658309 0.19370837447435957 -0.067875565588474268 0.018881420356508544
leaf_count=1912 10443 1370 118 23 46 87 2654
internal_value=0 -0.0817758 0.49766 1.44922 3.24159 0.845934 -0.129879
internal_count=16653 14467 2186 274 69 205 13097
shrinkage=0.12


Tree=12
num_leaves=8
num_cat=0
split_feature=8 7 7 2 1 8 2
split_gain=493.755 370.614 343.83 540.204 217.554 226.497 502.64
threshold=30.525000572204593 0.43500000238418585 0.99500000476837169 11.500000000000002 5.5000000000000009 18.515000343322757 2.5000000000000004
decision_type=2 2 2 2 2 2 2
left_child=1 4 -2 -4 5 6 -1
right_child=2 -3 3 -5 -6 -7 -8
leaf_value=0.21146309176353673 -0.01176709090248656 0.55424413885389057 0.059158894758860298 0.56586359154094346 0.14867673216256067 0.011640245520599907 -0.066814375424564906
leaf_count=263 14064 21 370 33 269 1488 145
internal_value=0 0.437941 -0.0719627 0.838757 0.397388 0.277986 0.938046
internal_count=16653 2186 14467 403 2165 1896 408
shrinkage=0.12


Tree=13
num_leaves=8
num_cat=0
split_feature=8 1 8 7 7 8 2
split_gain=413.149 216.674 239.25 232.772 209.767 196.821 160.667
threshold=48.465000152587898 3.5000000000000004 29.675000190734867 0.14500000327825549 0.99500000476837169 51.620000839233406 7.5000000000000009
decision_type=2 2 2 2 2 2 2
left_child=1 2 3 -1 6 -6 -2
right_child=4 -3 -4 -5 5 -7 -8
leaf_value=0.041233378616978893 -0.0069167345960441844 0.044575687198861375 -0.014130399587464737 0.37468547880649566 0.35723896260062848 0.048369589710936821 -0.039449135825937377
leaf_count=1094 5389 3136 3119 31 36 170 3678
internal_value=0 0.172133 0.0248426 0.420182 -0.144941 0.85289 -0.167612
internal_count=16653 7380 4244 1125 9273 206 9067
shrinkage=0.12


Tree=14
num_leaves=8
num_cat=0
split_feature=0 0 2 8 2 1 0
split_gain=369.196 351.468 356.886 302.822 274.867 263.648 508.232
threshold=21.500000000000004 1.5000000000000002 8.5000000000000018 12.570000171661379 11.500000000000002 4.5000000000000009 9.5000000000000018
decision_type=2 2 2 2 2 2 2
left_child=1 2 -1 -2 -5 -3 -7
right_child=3 5 -4 4 -6 6 -8
leaf_value=0.02162230652003061 0.43790422766373072 -0.020879205036923847 0.20228203416417498 0.033513994414760058 0.23343562887454369 0.083157966000556055 -0.011639521005074044
leaf_count=567 29 10241 218 1506 106 1141 2845
internal_value=0 -0.0531229 0.598273 0.446453 0.388835 -0.0890649 0.129137
internal_count=16653 15012 785 1641 1612 14227 3986
shrinkage=0.12


Tree=15
num_leaves=8
num_cat=0
split_feature=2 8 8 8 2 7 7
split_gain=465.006 439.262 407.891 379.665 333.361 225.194 261.552
threshold=11.500000000000002 14.514999866485597 16.195000648498539 18.515000343322757 2.5000000000000004 0.99500000476837169 0.37500000000000006
decision_type=2 2 2 2 2 2 2
left_child=1 4 -2 -4 -1 6 -5
right_child=2 -3 3 5 -6 -7 -8
leaf_value=0.23358828589621949 -0.18340406994267208 -0.0072263055853262446 0.59954032029424387 0.09155635081885713 -0.15358745877559365 0.39758719939738513 -0.14136076410412787
leaf_count=179 82 15291 21 934 39 32 75
internal_value=0 -0.0401246 0.620524 0.786446 1.36936 0.701524 0.618695
internal_count=16653 15509 1144 1062 218 1041 1009
shrinkage=0.12


Tree=16
num_leaves=8
num_cat=0
split_feature=2 8 8 8 1 1 0
split_gain=360.101 340.164 315.871 294.012 281.043 514.883 224.162
threshold=11.500000000000002 14.514999866485597 16.195000648498539 18.515000343322757 4.5000000000000009 3.5000000000000004 1.5000000000000002
decision_type=2 2 2 2 2 2 2
left_child=1 4 -2 -4 5 -1 -3
right_child=2 6 3 -5 -6 -7 -8
leaf_value=0.12023860711072173 -0.16139558232684686 0.059777295476206659 0.52759547409202368 0.074080925122042979 -0.020999319237572225 0.67463317095302044 -0.0095510356797972196
leaf_count=98 82 704 21 1041 88 32 14587
internal_value=0 -0.0353096 0.546061 0.692073 1.20503 2.13921 -0.0529929
internal_count=16653 15509 1144 1062 218 130 15291
shrinkage=0.12


Tree=17
num_leaves=8
num_cat=0
split_feature=2 8 0 8 1 8 8
split_gain=278.862 264.123 262.695 245.208 244.398 691.137 540.535
threshold=11.500000000000002 12.570000171661379 21.500000000000004 14.514999866485597 4.5000000000000009 20.695000648498539 42.004999160766609
decision_type=2 2 2 2 2 2 2
left_child=1 2 -1 -2 -5 -6 -7
right_child=3 -3 -4 4 5 6 -8
leaf_value=0.086593156845673272 -0.16162416960234227 -0.005332605679871906 0.52463571137257681 0.035893531716790605 0.78099829569458967 0.031866651198879603 0.46737101778388024
leaf_count=138 69 15348 23 772 24 229 50
internal_value=0 -0.0310725 1.24309 0.480534 0.597828 1.35891 0.91595
internal_count=16653 15509 161 1144 1075 303 279
shrinkage=0.12


Tree=18
num_leaves=8
num_cat=0
split_feature=2 2 0 1 8 7 8
split_gain=235.995 395.552 379.04 501.226 573.345 313.587 209.399
threshold=9.5000000000000018 7.5000000000000009 1.5000000000000002 4.5000000000000009 37.034999847412116 0.99500000476837169 86.590000152587905
decision_type=2 2 2 2 2 2 2
left_child=1 6 3 4 -2 -4 -1
right_child=2 -3 5 -5 -6 -7 -8
leaf_value=0.00074783272181358842 0.024947133101522922 -0.04923612684375115 0.012269195612270148 -0.1088958374191733 0.566627747434027 0.2122951818626517 0.11435706031621748
leaf_count=10378 48 2561 3191 51 68 117 239
internal_value=0 -0.0575463 0.235405 1.70531 2.85403 0.161199 0.0275441
internal_count=16653 13178 3475 167 116 3308 10617
shrinkage=0.12


Tree=19
num_leaves=8
num_cat=0
split_feature=8 8 2 1 1 8 2
split_gain=229.63 268.872 323.583 330.696 395.237 485.378 472.056
threshold=29.675000190734867 28.07499980926514 1.5000000000000002 1.0000000180025095e-35 2.5000000000000004 29.064999580383304 2.5000000000000004
decision_type=2 2 2 2 2 2 2
left_child=1 -1 -3 -4 5 -5 -6
right_child=-2 2 3 4 6 -7 -8
leaf_value=0.019033368316925661 -0.0048156237090683004 -0.068534969905527626 -0.087328411360581712 0.86007739032588659 0.48920506664592289 0.13251000352527784 0.025440922790013327
leaf_count=1664 14661 82 45 31 46 23 101
internal_value=0 0.321724 1.14922 1.72267 2.27127 4.5849 1.42137
internal_count=16653 1992 328 246 201 54 147
shrinkage=0.12


end of trees

feature importances:
Column_8=38
Column_0=34
Column_2=25
Column_1=24
Column_7=15
Column_3=3
Column_5=1

parameters:
[boosting: gbdt]
[objective: regression]
[metric: rmse]
[tree_learner: serial]
[device_type: cpu]
[data: ]
[valid: ]
[num_iterations: 100]
[learning_rate: 0.12]
[num_leaves: 8]
[num_threads: 0]
[max_depth: -1]
[min_data_in_leaf: 20]
[min_sum_hessian_in_leaf: 0.001]
[bagging_fraction: 0.8]
[bagging_freq: 5]
[bagging_seed: 3]
[feature_fraction: 0.9]
[feature_fraction_seed: 2]
[early_stopping_round: 0]
[max_delta_step: 0]
[lambda_l1: 0]
[lambda_l2: 0]
[min_gain_to_split: 0]
[drop_rate: 0.1]
[max_drop: 50]
[skip_drop: 0.5]
[xgboost_dart_mode: 0]
[uniform_drop: 0]
[drop_seed: 4]
[top_rate: 0.2]
[other_rate: 0.1]
[min_data_per_group: 100]
[max_cat_threshold: 32]
[cat_l2: 10]
[cat_smooth: 10]
[max_cat_to_onehot: 4]
[top_k: 20]
[monotone_constraints: ]
[feature_contri: ]
[forcedsplits_filename: ]
[refit_decay_rate: 0.9]
[verbosity: 0]
[max_bin: 255]
[min_data_in_bin: 3]
[bin_construct_sample_cnt: 200000]
[histogram_pool_size: -1]
[data_random_seed: 1]
[output_model: LightGBM_model.txt]
[snapshot_freq: -1]
[input_model: ]
[output_result: LightGBM_predict_result.txt]
[initscore_filename: ]
[valid_data_initscores: ]
[pre_partition: 0]
[enable_bundle: 1]
[max_conflict_rate: 0]
[is_enable_sparse: 1]
[sparse_threshold: 0.8]
[use_missing: 1]
[zero_as_missing: 0]
[two_round: 0]
[save_binary: 0]
[enable_load_from_binary_file: 1]
[header: 0]
[label_column: ]
[weight_column: ]
[group_column: ]
[ignore_column: ]
[categorical_feature: ]
[predict_raw_score: 0]
[predict_leaf_index: 0]
[predict_contrib: 0]
[num_iteration_predict: -1]
[pred_early_stop: 0]
[pred_early_stop_freq: 10]
[pred_early_stop_margin: 10]
[convert_model_language: ]
[convert_model: gbdt_prediction.cpp]
[num_class: 1]
[is_unbalance: 0]
[scale_pos_weight: 1]
[sigmoid: 1]
[boost_from_average: 1]
[reg_sqrt: 0]
[alpha: 0.9]
[fair_c: 1]
[poisson_max_delta_step: 0.7]
[tweedie_variance_power: 1.5]
[max_position: 20]
[label_gain: ]
[metric_freq: 1]
[is_provide_training_metric: 0]
[eval_at: ]
[num_machines: 1]
[local_listen_port: 12400]
[time_out: 120]
[machine_list_filename: ]
[machines: ]
[gpu_platform_id: -1]
[gpu_device_id: -1]
[gpu_use_dp: 0]

end of parameters

pandas_categorical:null
