tree
version=v2
num_class=1
num_tree_per_iteration=1
label_index=0
max_feature_idx=8
objective=regression
feature_names=Column_0 Column_1 Column_2 Column_3 Column_4 Column_5 Column_6 Column_7 Column_8
feature_infos=[0:23] [0:6] [1:12] [0:2] none [0:1] [0:1] [0:1] [-10.159999847412109:95.360000610351562]
tree_sizes=696 711 708 721 713 721 720 724 723 724 724 704 713 713 718 718 728 733 722 729

Tree=0
num_leaves=8
num_cat=0
split_feature=0 8 0 2 7 8 2
split_gain=6328.87 3592.95 1037.64 966.447 878.216 534.488 654.472
threshold=1.5000000000000002 42.68499946594239 22.500000000000004 11.500000000000002 0.90500000119209301 20.719999313354496 11.500000000000002
decision_type=2 2 2 2 2 2 2
left_child=-1 2 5 -3 -5 -2 -7
right_child=1 3 -4 4 -6 6 -8
leaf_value=2.43042249220189 2.2541331677613274 2.0357673487168944 2.3697429940562786 2.2288953473943485 3.0834999985044655 2.1135324116690426 2.2376648354454045
leaf_count=787 597 10204 321 129 20 3826 728
internal_value=0 -0.147204 0.508207 -0.493617 2.0348 0.3995 0.282869
internal_count=16612 15825 5472 10353 149 5151 4554
shrinkage=1


Tree=1
num_leaves=8
num_cat=0
split_feature=0 8 1 0 8 0 8
split_gain=4901.08 2825.81 2084.82 736.412 600.335 555.526 527.538
threshold=1.5000000000000002 48.409999847412116 4.5000000000000009 7.5000000000000009 35.674999237060554 22.500000000000004 42.215000152587898
decision_type=2 2 2 2 2 2 2
left_child=6 2 3 -2 5 -4 -1
right_child=1 -3 4 -5 -6 -7 -8
leaf_value=0.40810389924634449 -0.093375510659607697 -0.059993746336718112 0.19343549253670037 0.023908397134245998 0.084553058485479907 0.55747698145646307 0.20865298564935714
leaf_count=326 954 8949 846 4017 994 65 461
internal_value=0 -0.12954 0.35254 0.0116673 1.24203 1.82842 2.42726
internal_count=16612 15825 6876 4971 1905 911 787
shrinkage=0.12


Tree=2
num_leaves=8
num_cat=0
split_feature=8 1 2 7 8 2 1
split_gain=2746.29 1209.81 774.799 584.453 580.469 397.811 407.226
threshold=42.215000152587898 4.5000000000000009 11.500000000000002 0.90500000119209301 12.394999980926515 11.500000000000002 2.5000000000000004
decision_type=2 2 2 2 2 2 2
left_child=1 4 -2 -4 5 6 -1
right_child=2 -3 3 -5 -6 -7 -8
leaf_value=0.20344040357460411 -0.039927308691414844 0.15711514203244656 0.13628665631925554 0.81454610892704549 0.024693762718037849 -0.084986623674631112 0.7031913177783673
leaf_count=59 10781 1554 142 21 3984 32 39
internal_value=0 0.557582 -0.300011 1.86391 0.273634 2.35307 3.35267
internal_count=16612 5668 10944 163 4114 130 98
shrinkage=0.12


Tree=3
num_leaves=8
num_cat=0
split_feature=0 8 1 0 2 8 0
split_gain=3791.86 1748.72 1415.84 617.244 447.914 540.411 568.083
threshold=1.0000000180025095e-35 48.905000686645515 4.5000000000000009 8.5000000000000018 11.500000000000002 17.409999847412113 21.500000000000004
decision_type=2 2 2 2 2 2 2
left_child=-1 2 3 -2 -4 -6 -7
right_child=1 -3 4 -5 5 6 -8
leaf_value=0.25909099124806861 -0.074653800638348575 -0.049002409412443229 0.095024091168814356 0.021997137806315951 -0.21831787467002869 0.25877905803306078 0.86329728169441222
leaf_count=771 1270 8820 1688 3794 30 214 25
internal_value=0 -0.111915 0.260479 -0.0186828 0.982849 2.18128 2.68344
internal_count=16612 15841 7021 5064 1957 269 239
shrinkage=0.12


Tree=4
num_leaves=8
num_cat=0
split_feature=8 1 2 8 7 2 1
split_gain=1763.79 709.714 559.573 461.271 452.429 382.407 272.379
threshold=42.215000152587898 4.5000000000000009 11.500000000000002 18.515000343322757 0.90500000119209301 11.500000000000002 2.5000000000000004
decision_type=2 2 2 2 2 2 2
left_child=1 3 -2 6 -4 -5 -1
right_child=2 -3 4 5 -6 -7 -8
leaf_value=0.063339136433815516 -0.032164000449419659 0.12273558370855324 0.114966891361794 -0.00082632372869662779 0.71172263588224127 0.10192348293100412 0.2881425912811838
leaf_count=167 10781 1554 142 3178 21 624 145
internal_value=0 0.447047 -0.24023 0.229567 1.59875 0.133645 1.39846
internal_count=16612 5668 10944 4114 163 3802 312
shrinkage=0.12


Tree=5
num_leaves=8
num_cat=0
split_feature=0 8 2 1 1 0 0
split_gain=2950.67 1160.22 607.238 586.646 580.892 577.526 520.804
threshold=1.0000000180025095e-35 38.48500061035157 11.500000000000002 5.5000000000000009 2.5000000000000004 21.500000000000004 19.500000000000004
decision_type=2 2 2 2 2 2 2
left_child=-1 3 6 -2 -4 -5 -3
right_child=1 2 4 5 -6 -7 -8
leaf_value=0.22720568871328251 0.023336206296777247 -0.049685080710064271 -0.077651140444418967 0.10915512009238711 0.28748767878380288 0.47763525090898784 0.014512159441759799
leaf_count=772 3662 9077 102 490 163 70 2276
internal_value=0 -0.108714 -0.271864 0.340237 1.22453 1.29346 -0.306792
internal_count=16612 15840 11618 4222 265 560 11353
shrinkage=0.12


Tree=6
num_leaves=8
num_cat=0
split_feature=0 0 2 2 7 2 8
split_gain=2284.99 994.901 720.606 651.162 604.54 442.047 549.769
threshold=1.0000000180025095e-35 21.500000000000004 2.5000000000000004 11.500000000000002 0.99500000476837169 11.500000000000002 31.015000343322757
decision_type=2 2 2 2 2 2 2
left_child=-1 2 -2 -4 -5 -3 -7
right_child=1 5 3 4 -6 6 -8
leaf_value=0.19994100404970849 0.036705560611773665 0.060450514315782418 -0.042404211729421 0.045940063458564509 0.63286775818237895 0.60909651229576189 0.078517185774716461
leaf_count=772 2513 1497 10788 901 26 49 66
internal_value=0 -0.0956685 -0.180026 -0.284258 0.520016 0.648895 2.53825
internal_count=16612 15840 14228 11715 927 1612 115
shrinkage=0.12


Tree=7
num_leaves=8
num_cat=0
split_feature=0 0 2 2 7 8 2
split_gain=1769.5 770.452 558.037 504.26 468.156 414.443 478.062
threshold=1.0000000180025095e-35 21.500000000000004 2.5000000000000004 11.500000000000002 0.99500000476837169 12.394999980926515 11.500000000000002
decision_type=2 2 2 2 2 2 2
left_child=-1 2 -2 -4 -5 -3 -7
right_child=1 5 3 4 -6 6 -8
leaf_value=0.17594808870492204 0.032300894184451638 0.57426521301269529 -0.037315708915583862 0.040427259938102977 0.55692364509289072 0.043340396316671692 0.30374058286667965
leaf_count=772 2513 23 10788 901 26 1480 109
internal_value=0 -0.0841883 -0.158423 -0.250147 0.457614 0.571028 0.510025
internal_count=16612 15840 14228 11715 927 1612 1589
shrinkage=0.12


Tree=8
num_leaves=8
num_cat=0
split_feature=0 0 2 1 1 2 7
split_gain=1370.3 596.638 432.144 413.997 445.006 390.499 362.54
threshold=1.0000000180025095e-35 21.500000000000004 2.5000000000000004 2.5000000000000004 1.0000000180025095e-35 11.500000000000002 0.99500000476837169
decision_type=2 2 2 2 2 2 2
left_child=3 2 -2 4 -1 -4 -7
right_child=1 -3 5 -5 -6 6 -8
leaf_value=0.046434005320072171 0.028424786154778916 0.060300530907755751 -0.032837823241497408 0.07950482037939717 0.35026011598792894 0.035575986803901054 0.49009279073430939
leaf_count=100 2513 1612 10788 445 227 901 26
internal_value=0 -0.0740857 -0.139412 1.29029 2.14456 -0.22013 0.4027
internal_count=16612 15840 14228 772 327 11715 927
shrinkage=0.12


Tree=9
num_leaves=8
num_cat=0
split_feature=0 8 7 7 0 0 8
split_gain=1061.16 535.114 485.156 450.418 395.227 375.766 327.64
threshold=1.0000000180025095e-35 29.595000267028812 0.2950000017881394 0.99500000476837169 20.500000000000004 12.500000000000002 42.68499946594239
decision_type=2 2 2 2 2 2 2
left_child=6 2 -2 5 -5 -3 -1
right_child=1 3 -4 4 -6 -7 -8
leaf_value=0.22577729832091015 0.047573044184553673 -0.043174486038184218 0.62781992282186228 0.068963184103502342 0.44855876156191032 -0.0027189987438240464 0.067987713274890421
leaf_count=334 1743 5567 21 323 45 8141 438
internal_value=0 -0.0651954 0.454006 -0.130262 0.961509 -0.159571 1.13545
internal_count=16612 15840 1764 14076 368 13708 772
shrinkage=0.12


Tree=10
num_leaves=8
num_cat=0
split_feature=0 1 0 0 1 0 7
split_gain=1487.46 397.782 857.95 776.476 325.829 222.142 372.576
threshold=1.5000000000000002 4.5000000000000009 9.5000000000000018 13.500000000000002 2.5000000000000004 17.500000000000004 0.99500000476837169
decision_type=2 2 2 2 2 2 2
left_child=4 3 -3 -2 -1 -4 -7
right_child=1 2 5 -5 -6 6 -8
leaf_value=0.25240734617350929 -0.050030852569650487 0.1152016099704806 -0.033652768065099599 0.012546832275711442 0.097248335072986553 0.022212767892584105 0.53150324736322674
leaf_count=335 5447 1133 1832 6001 466 1377 21
internal_value=0 -0.0456457 0.211284 -0.143565 1.35117 -0.0513502 0.248859
internal_count=16612 15811 4363 11448 801 3230 1398
shrinkage=0.12


Tree=11
num_leaves=8
num_cat=0
split_feature=0 8 1 2 8 0 0
split_gain=1151.89 488.631 667.653 498.777 902.93 476.06 549.071
threshold=1.5000000000000002 36.495000839233406 5.5000000000000009 2.5000000000000004 24.954999923706058 9.5000000000000018 17.500000000000004
decision_type=2 2 2 2 2 2 2
left_child=-1 2 -2 4 5 -4 -7
right_child=1 -3 3 -5 -6 6 -8
leaf_value=0.14268324982137714 0.013633595476686099 -0.016290937266738397 1.0476797922299457 0.060399229842168028 0.11047108805039897 0.084873267769813535 0.87414258891885921
leaf_count=801 3123 12203 26 279 128 30 22
internal_value=0 -0.0401682 0.283136 1.37472 2.55491 5.23686 3.48996
internal_count=16612 15811 3608 485 206 78 52
shrinkage=0.12


Tree=12
num_leaves=8
num_cat=0
split_feature=8 2 7 1 8 2 2
split_gain=406.123 299.808 389.495 268.861 219.019 1049.13 345.308
threshold=39.745000839233406 9.5000000000000018 0.99500000476837169 5.5000000000000009 24.954999923706058 2.5000000000000004 9.5000000000000018
decision_type=2 2 2 2 2 2 2
left_child=3 -2 -3 -1 5 -5 -6
right_child=1 2 -4 4 6 -7 -8
leaf_value=0.01988652726085488 -0.019009534700816302 0.020348454991003455 0.27699864009946085 0.50186202502543364 0.005425576327388432 -0.17609102812078262 0.22128806663939615
leaf_count=4248 9644 1968 89 84 376 54 149
internal_value=0 -0.0844866 0.262108 0.258158 0.85042 1.97147 0.555745
internal_count=16612 11701 2057 4911 663 138 525
shrinkage=0.12


Tree=13
num_leaves=8
num_cat=0
split_feature=8 2 7 1 7 8 2
split_gain=314.502 232.171 301.625 208.206 188.65 175.632 767.064
threshold=39.745000839233406 9.5000000000000018 0.99500000476837169 5.5000000000000009 0.99500000476837169 20.719999313354496 2.5000000000000004
decision_type=2 2 2 2 2 2 2
left_child=3 -2 -3 4 -1 6 -5
right_child=1 2 -4 5 -6 -7 -8
leaf_value=0.014550999200835546 -0.016728389787254758 0.017906642107792744 0.24375880162116517 0.52787242113460187 0.23433983482812579 0.065012879291526493 -0.17878476929020237
leaf_count=4191 9644 1968 89 55 57 571 37
internal_value=0 -0.0743482 0.230655 0.227179 0.145835 0.74837 2.03061
internal_count=16612 11701 2057 4911 4248 663 92
shrinkage=0.12


Tree=14
num_leaves=8
num_cat=0
split_feature=0 0 2 2 8 8 8
split_gain=884.928 293.199 392.766 383.514 327.876 319.023 295.963
threshold=1.5000000000000002 19.500000000000004 9.5000000000000018 2.5000000000000004 6.3299999237060556 66.534999847412124 12.394999980926515
decision_type=2 2 2 2 2 2 2
left_child=-1 3 6 4 -2 -4 -3
right_child=1 2 5 -5 -6 -7 -8
leaf_value=0.12461375196105084 0.37272510132193559 0.38072994512319563 0.094005647601057937 -0.022687144914759719 0.026026391501152862 0.56913846177714211 0.001595496669344087
leaf_count=801 40 30 657 10346 2181 21 2536
internal_value=0 -0.0389323 0.229094 -0.10812 0.26892 0.906018 0.0502341
internal_count=16612 15811 3244 12567 2221 678 2566
shrinkage=0.12


Tree=15
num_leaves=8
num_cat=0
split_feature=7 8 2 8 8 7 2
split_gain=341.495 279.423 189.383 385.985 358.746 176.197 171.504
threshold=0.99500000476837169 36.295000076293952 11.500000000000002 14.420000076293947 10.045000076293947 0.2950000017881394 9.5000000000000018
decision_type=2 2 2 2 2 2 2
left_child=2 -2 4 -4 -1 -5 -3
right_child=1 6 3 5 -6 -7 -8
leaf_value=0.21248623777594833 0.5281063535538586 0.034566148857860003 -0.23051816598457447 0.079333157202341603 -0.0070049895195539993 -0.1051047107466945 0.21740924303276607
leaf_count=108 22 255 68 942 15032 81 104
internal_value=0 0.941454 -0.0163306 0.386061 -0.0453272 0.539413 0.729455
internal_count=16612 381 16231 1091 15140 1023 359
shrinkage=0.12


Tree=16
num_leaves=8
num_cat=0
split_feature=0 0 0 1 1 8 1
split_gain=574.388 375.29 282.572 261.383 241.722 247.684 217.353
threshold=1.0000000180025095e-35 5.5000000000000009 22.500000000000004 4.5000000000000009 5.5000000000000009 44.604999542236335 4.5000000000000009
decision_type=2 2 2 2 2 2 2
left_child=3 -2 6 -1 -4 -6 -3
right_child=1 2 4 -5 5 -7 -8
leaf_value=0.14627460770716849 -0.082840830498072032 -0.013069765930861578 0.043074897724038462 -0.010641882126483152 0.45932889910631403 0.090304581438149539 0.020043442248704534
leaf_count=548 830 10265 693 212 43 67 3954
internal_value=0 -0.0357551 0.000412216 0.854193 0.577547 1.95466 -0.0321808
internal_count=16612 15852 15022 760 803 110 14219
shrinkage=0.12


Tree=17
num_leaves=8
num_cat=0
split_feature=0 0 0 1 2 8 8
split_gain=444.806 290.624 218.824 202.415 193.226 236.604 192.683
threshold=1.0000000180025095e-35 5.5000000000000009 22.500000000000004 4.5000000000000009 11.500000000000002 14.420000076293947 6.3299999237060556
decision_type=2 2 2 2 2 2 2
left_child=3 -2 4 -1 6 -6 -3
right_child=1 2 -4 -5 5 -7 -8
leaf_value=0.12872165061057592 -0.072899928475718898 0.23283303089439869 0.060988990495336307 -0.009364857975182668 -0.19069450720080305 0.063506797947765981 -0.0080300055155104483
leaf_count=548 830 48 803 212 56 902 13213
internal_value=0 -0.0314645 0.000362758 0.75169 -0.0283191 0.405395 -0.0596514
internal_count=16612 15852 15022 760 14219 958 13261
shrinkage=0.12


Tree=18
num_leaves=8
num_cat=0
split_feature=0 0 7 7 1 0 8
split_gain=344.458 225.059 204.58 198.978 198.827 304.705 201.85
threshold=1.0000000180025095e-35 5.5000000000000009 0.90500000119209301 0.99500000476837169 1.5000000000000002 19.500000000000004 37.864999771118171
decision_type=2 2 2 2 2 2 2
left_child=2 -2 -1 -3 -5 6 -6
right_child=1 3 -4 4 5 -7 -8
leaf_value=0.066977762869124768 -0.064151936191599812 -0.0020916633593785665 0.39196135769630297 -0.021077722214162351 -0.2324311581901882 0.48678298214716564 0.14917752610507193
leaf_count=731 830 14673 29 140 23 35 151
internal_value=0 -0.0276888 0.661487 0.000319219 0.746571 1.36433 0.822792
internal_count=16612 15852 760 15022 349 209 174
shrinkage=0.12


Tree=19
num_leaves=8
num_cat=0
split_feature=0 1 0 0 0 8 8
split_gain=266.748 209.102 664.623 542.009 298.686 352.941 409.647
threshold=1.0000000180025095e-35 4.5000000000000009 9.5000000000000018 7.5000000000000009 5.5000000000000009 25.464999198913578 12.394999980926515
decision_type=2 2 2 2 2 2 2
left_child=-1 3 4 -2 -3 6 -6
right_child=1 2 -4 -5 5 -7 -8
leaf_value=0.069853038015726371 -0.071186934143069577 -0.028258575890978722 -0.0084267304792759144 -5.403705679067844e-05 -0.12385514944791792 0.099041368364551005 0.43043298328761009
leaf_count=760 1837 219 3245 9622 24 809 96
internal_value=0 -0.0243661 0.161128 -0.0954783 0.815076 1.06273 2.66313
internal_count=16612 15852 4393 11459 1148 929 120
shrinkage=0.12


end of trees

feature importances:
Column_0=42
Column_8=34
Column_2=27
Column_1=21
Column_7=16

parameters:
[boosting: gbdt]
[objective: regression]
[metric: rmse]
[tree_learner: serial]
[device_type: cpu]
[data: ]
[valid: ]
[num_iterations: 100]
[learning_rate: 0.12]
[num_leaves: 8]
[num_threads: 0]
[max_depth: -1]
[min_data_in_leaf: 20]
[min_sum_hessian_in_leaf: 0.001]
[bagging_fraction: 0.8]
[bagging_freq: 5]
[bagging_seed: 3]
[feature_fraction: 0.9]
[feature_fraction_seed: 2]
[early_stopping_round: 0]
[max_delta_step: 0]
[lambda_l1: 0]
[lambda_l2: 0]
[min_gain_to_split: 0]
[drop_rate: 0.1]
[max_drop: 50]
[skip_drop: 0.5]
[xgboost_dart_mode: 0]
[uniform_drop: 0]
[drop_seed: 4]
[top_rate: 0.2]
[other_rate: 0.1]
[min_data_per_group: 100]
[max_cat_threshold: 32]
[cat_l2: 10]
[cat_smooth: 10]
[max_cat_to_onehot: 4]
[top_k: 20]
[monotone_constraints: ]
[feature_contri: ]
[forcedsplits_filename: ]
[refit_decay_rate: 0.9]
[verbosity: 0]
[max_bin: 255]
[min_data_in_bin: 3]
[bin_construct_sample_cnt: 200000]
[histogram_pool_size: -1]
[data_random_seed: 1]
[output_model: LightGBM_model.txt]
[snapshot_freq: -1]
[input_model: ]
[output_result: LightGBM_predict_result.txt]
[initscore_filename: ]
[valid_data_initscores: ]
[pre_partition: 0]
[enable_bundle: 1]
[max_conflict_rate: 0]
[is_enable_sparse: 1]
[sparse_threshold: 0.8]
[use_missing: 1]
[zero_as_missing: 0]
[two_round: 0]
[save_binary: 0]
[enable_load_from_binary_file: 1]
[header: 0]
[label_column: ]
[weight_column: ]
[group_column: ]
[ignore_column: ]
[categorical_feature: ]
[predict_raw_score: 0]
[predict_leaf_index: 0]
[predict_contrib: 0]
[num_iteration_predict: -1]
[pred_early_stop: 0]
[pred_early_stop_freq: 10]
[pred_early_stop_margin: 10]
[convert_model_language: ]
[convert_model: gbdt_prediction.cpp]
[num_class: 1]
[is_unbalance: 0]
[scale_pos_weight: 1]
[sigmoid: 1]
[boost_from_average: 1]
[reg_sqrt: 0]
[alpha: 0.9]
[fair_c: 1]
[poisson_max_delta_step: 0.7]
[tweedie_variance_power: 1.5]
[max_position: 20]
[label_gain: ]
[metric_freq: 1]
[is_provide_training_metric: 0]
[eval_at: ]
[num_machines: 1]
[local_listen_port: 12400]
[time_out: 120]
[machine_list_filename: ]
[machines: ]
[gpu_platform_id: -1]
[gpu_device_id: -1]
[gpu_use_dp: 0]

end of parameters

pandas_categorical:null
