tree
version=v2
num_class=1
num_tree_per_iteration=1
label_index=0
max_feature_idx=8
objective=regression
feature_names=Column_0 Column_1 Column_2 Column_3 Column_4 Column_5 Column_6 Column_7 Column_8
feature_infos=[0:23] [0:6] [1:12] [0:2] none [0:1] [0:1] [0:1] [-9.5:95.769996643066406]
tree_sizes=705 718 717 724 723 720 723 718 722 729 721 720 717 724 728 715 718 728 728 732

Tree=0
num_leaves=8
num_cat=0
split_feature=2 2 2 0 0 8 7
split_gain=16520.2 4850.4 2796.11 2423.77 1974.11 982.845 715.109
threshold=8.5000000000000018 4.5000000000000009 1.5000000000000002 5.5000000000000009 1.0000000180025095e-35 63.905000686645515 0.99500000476837169
decision_type=2 2 2 2 2 2 2
left_child=1 2 -1 4 -4 -3 -2
right_child=6 5 3 -5 -6 -7 -8
leaf_value=4.294529311651333 4.086502407832743 4.2103027052990738 4.5445881096592977 4.5104046478824049 4.1048150368388798 4.3121356835300277 4.3561661631847146
leaf_count=1649 4708 1952 227 4062 417 4537 146
internal_value=0 0.585263 1.20623 1.59888 -0.203503 -0.0228831 -1.58029
internal_count=17698 12844 6355 4706 644 6489 4854
shrinkage=1


Tree=1
num_leaves=8
num_cat=0
split_feature=1 2 2 0 0 2 8
split_gain=24253.5 8443.99 5834.73 2537.15 2564.68 1914.91 1510.7
threshold=4.5000000000000009 8.5000000000000018 8.5000000000000018 5.5000000000000009 7.5000000000000009 4.5000000000000009 57.864999771118171
decision_type=2 2 2 2 2 2 2
left_child=2 3 5 -2 -5 -1 -6
right_child=1 -3 -4 4 6 -7 -8
leaf_value=0.01637028078251301 0.049606837196414968 -0.029283997088735376 -0.22170287529713342 0.66075012840351577 0.40435385509736821 -0.092983601490571763 0.22870981906962792
leaf_count=4539 441 1383 3471 355 1443 4687 1379
internal_value=0 1.85766 -0.742328 2.66104 2.97303 -0.326531 2.65436
internal_count=17698 5001 12697 3618 3177 9226 2822
shrinkage=0.12


Tree=2
num_leaves=8
num_cat=0
split_feature=1 2 2 1 2 2 8
split_gain=18781.9 6539.02 4518.42 1915.03 1482.9 1092.78 1061.79
threshold=4.5000000000000009 8.5000000000000018 8.5000000000000018 5.5000000000000009 4.5000000000000009 4.5000000000000009 22.765000343322757
decision_type=2 2 2 2 2 2 2
left_child=2 3 4 5 -1 6 -2
right_child=1 -3 -4 -5 -6 -7 -8
leaf_value=0.014405845029024752 -0.03472576133848175 -0.025769922543890822 -0.19509852335694131 0.36947569659377344 -0.081825562563562076 0.10204619938428285 0.33906721366039566
leaf_count=4539 127 1383 3471 1785 4687 915 791
internal_value=0 1.63474 -0.653248 2.34171 -0.287348 1.62377 2.39463
internal_count=17698 5001 12697 3618 9226 1833 918
shrinkage=0.12


Tree=3
num_leaves=8
num_cat=0
split_feature=1 2 2 0 0 0 0
split_gain=14544.7 5063.82 3499.06 1922.82 1995.86 1791.52 1542.34
threshold=4.5000000000000009 8.5000000000000018 8.5000000000000018 5.5000000000000009 7.5000000000000009 10.500000000000002 1.0000000180025095e-35
decision_type=2 2 2 2 2 2 2
left_child=2 3 5 -2 -5 6 -1
right_child=1 -3 -4 4 -6 -7 -8
leaf_value=0.10959996334233728 0.012480707969389805 -0.022677517982923025 -0.17168670973969927 0.54804326000347947 0.24614374109557721 0.011217450137078167 -0.12804544607395654
leaf_count=451 441 1383 3471 355 2822 5703 3072
internal_value=0 1.43857 -0.574859 2.06071 2.33232 -0.252866 -0.813525
internal_count=17698 5001 12697 3618 3177 9226 3523
shrinkage=0.12


Tree=4
num_leaves=8
num_cat=0
split_feature=1 2 2 1 8 1 2
split_gain=11263.4 4047.95 2903.71 1276.42 1153.78 1038.64 867.296
threshold=4.5000000000000009 6.5000000000000009 4.5000000000000009 5.5000000000000009 69.534999847412124 5.5000000000000009 1.5000000000000002
decision_type=2 2 2 2 2 2 2
left_child=2 5 6 -3 -4 -2 -1
right_child=1 3 4 -5 -6 -7 -8
leaf_value=-0.072221420137282652 0.17769290198250048 -0.051451298831875665 -0.13693556546556054 0.12701584768677099 -0.04258106971048721 0.32679746899876128 0.047336864963339158
leaf_count=1181 1351 1186 5268 1124 2890 1340 3358
internal_value=0 1.26594 -0.505876 0.294894 -0.862585 2.0995 0.135242
internal_count=17698 5001 12697 2310 8158 2691 4539
shrinkage=0.12


Tree=5
num_leaves=8
num_cat=0
split_feature=1 2 2 1 2 0 0
split_gain=8257.29 4447.48 2610.9 2208.47 1473.31 1392.69 960.822
threshold=5.5000000000000009 8.5000000000000018 9.5000000000000018 4.5000000000000009 10.500000000000002 20.500000000000004 2.5000000000000004
decision_type=2 2 2 2 2 2 2
left_child=1 3 -2 5 -4 -1 -5
right_child=2 -3 4 6 -6 -7 -8
leaf_value=-0.036848245668765288 0.26609502030975646 -0.13956107639503187 -0.31771430122119754 -0.14376525311434968 0.1134177108321871 0.095901661944541944 0.15609695795009373
leaf_count=7955 1947 4182 179 170 315 1328 1622
internal_value=0 -0.284386 1.69651 0.0473881 -0.356685 -0.148812 1.06375
internal_count=17698 15257 2441 11075 494 9283 1792
shrinkage=0.12


Tree=6
num_leaves=8
num_cat=0
split_feature=2 2 2 0 0 7 8
split_gain=4799.29 1547.52 1757.57 974.614 1101.53 752.859 601.062
threshold=8.5000000000000018 4.5000000000000009 1.5000000000000002 5.5000000000000009 1.0000000180025095e-35 0.99500000476837169 74.575000762939467
decision_type=2 2 2 2 2 2 2
left_child=1 2 -1 4 -4 -2 -5
right_child=5 -3 3 6 -6 -7 -8
leaf_value=-0.026757075488034212 -0.1118200854201525 -0.004400030223930442 0.18512825473352354 0.14253129833661865 -0.13407488117522323 0.15699673238685055 -0.36413710776497338
leaf_count=1677 4674 6452 245 4034 427 155 34
internal_value=0 0.309164 0.656882 0.968173 -0.147489 -0.859931 1.15247
internal_count=17698 12869 6417 4740 672 4829 4068
shrinkage=0.12


Tree=7
num_leaves=8
num_cat=0
split_feature=1 2 2 2 1 7 7
split_gain=6435.08 2928.67 1820.7 1662.3 1269.22 798.934 739.732
threshold=4.5000000000000009 9.5000000000000018 10.500000000000002 4.5000000000000009 5.5000000000000009 0.99500000476837169 0.99500000476837169
decision_type=2 2 2 2 2 2 2
left_child=3 4 -3 -1 -2 -4 -5
right_child=1 2 5 6 -6 -7 -8
leaf_value=0.011368939176266609 0.094552317736590855 -0.28378617253882921 0.025294126950524333 -0.084525521410059132 0.23081267373182901 0.71654747314453127 0.15445763949231678
leaf_count=4600 1991 358 652 7934 1947 25 191
internal_value=0 0.955922 -0.540982 -0.38561 1.34934 0.423504 -0.657563
internal_count=17698 4973 1035 12725 3938 677 8125
shrinkage=0.12


Tree=8
num_leaves=8
num_cat=0
split_feature=1 2 2 1 0 2 0
split_gain=4997.96 2310.39 1328.97 1324.34 1045.72 908.936 716.366
threshold=5.5000000000000009 8.5000000000000018 9.5000000000000018 4.5000000000000009 19.500000000000004 10.500000000000002 2.5000000000000004
decision_type=2 2 2 2 2 2 2
left_child=1 3 -2 4 -1 -4 -5
right_child=2 -3 5 6 -6 -7 -8
leaf_value=-0.035554345794331775 0.20311514934275202 -0.10241292799017265 -0.23319710358561083 -0.13763771248214385 0.066818489692664976 0.10543607317833673 0.12128358834125698
leaf_count=7506 1947 4182 179 170 1777 315 1622
internal_value=0 -0.220173 1.32096 0.0189534 -0.13298 -0.143892 0.806006
internal_count=17698 15257 2441 11075 9283 494 1792
shrinkage=0.12


Tree=9
num_leaves=8
num_cat=0
split_feature=2 2 2 2 0 0 7
split_gain=2510.3 1368.67 1115.98 1366.78 678.467 849.253 542.822
threshold=4.5000000000000009 1.5000000000000002 9.5000000000000018 10.500000000000002 5.5000000000000009 1.0000000180025095e-35 0.99500000476837169
decision_type=2 2 2 2 2 2 2
left_child=1 -1 -2 -4 5 -3 -5
right_child=2 4 3 6 -6 -7 -8
leaf_value=-0.034053867385724364 -0.0089081032303370486 0.15847309059634501 -0.19148652792407114 -0.048145943248021413 0.11053506996757337 -0.12180383433223607 0.24313687369227407
leaf_count=1677 7654 245 1247 2284 4068 427 96
internal_value=0 0.492655 -0.290747 -0.747652 0.767356 -0.163496 -0.303306
internal_count=17698 6417 11281 3627 4740 672 2380
shrinkage=0.12


Tree=10
num_leaves=8
num_cat=0
split_feature=1 2 1 0 0 0 0
split_gain=3786.09 1241.83 660.294 678.389 538.826 488.426 552.173
threshold=5.5000000000000009 4.5000000000000009 4.5000000000000009 10.500000000000002 19.500000000000004 2.5000000000000004 10.500000000000002
decision_type=2 2 2 2 2 2 2
left_child=1 2 3 -1 -3 -4 -7
right_child=-2 4 5 -5 -6 6 -8
leaf_value=-0.054350287717121797 0.13971808735507238 -0.060872770538778348 -0.14965296367804209 0.041180863374129205 0.011311479760964267 0.2898272823049472 0.079428999430136094
leaf_count=1719 2423 7956 90 2837 1832 260 581
internal_value=0 -0.181203 0.199618 0.0428043 -0.394685 0.967012 1.20396
internal_count=17698 15275 5487 4556 9788 931 841
shrinkage=0.12


Tree=11
num_leaves=8
num_cat=0
split_feature=1 2 8 8 8 2 2
split_gain=2931.95 961.676 708.328 624.34 850.493 998.543 551.462
threshold=5.5000000000000009 4.5000000000000009 63.905000686645515 24.98499965667725 55.055000305175788 9.5000000000000018 9.5000000000000018
decision_type=2 2 2 2 2 2 2
left_child=1 -1 -3 -2 -5 -6 -4
right_child=3 2 6 4 5 -7 -8
leaf_value=0.021079673186767421 -0.11416855205893517 -0.074072391752925876 0.00015166626446030916 0.21248954270797243 0.1042365596047944 -0.26030504343923461 -0.17688254841784043
leaf_count=5487 150 4877 4643 1129 1023 121 268
internal_value=0 -0.159458 -0.347323 1.0246 1.155 0.547327 -0.0792444
internal_count=17698 15275 9788 2423 2273 1144 4911
shrinkage=0.12


Tree=12
num_leaves=8
num_cat=0
split_feature=1 8 2 7 8 8 2
split_gain=2429.66 797.22 1015.71 637.026 613.222 556.322 568.88
threshold=4.5000000000000009 16.909999847412113 4.5000000000000009 0.99500000476837169 24.48499965667725 69.155002593994155 1.5000000000000002
decision_type=2 2 2 2 2 2 2
left_child=3 -2 4 -1 -3 6 -6
right_child=1 2 -4 -5 5 -7 -8
leaf_value=-0.031951273446038188 -0.21754859842471222 -0.072357242817332024 0.038754680199268997 0.13824327313212248 0.053690795247294323 -0.35353540771773878 0.22679774292560345
leaf_count=12379 134 157 3151 325 357 28 1167
internal_value=0 0.593289 0.659632 -0.229977 1.28039 1.47091 1.55206
internal_count=17698 4994 4860 12704 1709 1552 1524
shrinkage=0.12


Tree=13
num_leaves=8
num_cat=0
split_feature=1 2 2 7 8 8 1
split_gain=1913.14 725.187 689.054 478.66 439.205 421.049 459.878
threshold=5.5000000000000009 3.5000000000000004 1.5000000000000002 0.99500000476837169 71.24499893188478 40.284999847412116 1.5000000000000002
decision_type=2 2 2 2 2 2 2
left_child=1 2 5 4 -3 -1 -7
right_child=-2 3 -4 -5 -6 6 -8
leaf_value=-0.012437958850235235 0.099307930725536314 -0.050701755096701932 0.062946689004671916 0.11707112924679869 0.0031079206689308752 0.1476816101471583 -0.28320413495392299
leaf_count=1220 2423 7786 2712 304 3036 45 172
internal_value=0 -0.128896 0.22791 -0.261953 -0.296717 -0.33194 -1.61542
internal_count=17698 15275 4149 11126 10822 1437 217
shrinkage=0.12


Tree=14
num_leaves=8
num_cat=0
split_feature=1 0 0 1 2 2 0
split_gain=1611.59 885.819 843.67 688.382 681.464 985.34 799.19
threshold=4.5000000000000009 10.500000000000002 1.0000000180025095e-35 1.0000000180025095e-35 9.5000000000000018 10.500000000000002 5.5000000000000009
decision_type=2 2 2 2 2 2 2
left_child=1 2 3 -1 6 -6 -2
right_child=4 -3 -4 -5 5 -7 -8
leaf_value=0.32001781626826237 -0.063572681378803134 0.002396673991269728 -0.081569852435050411 0.0040936404341128836 -0.19223348905897547 0.055397235715161017 0.10070938083359809
leaf_count=126 486 7858 4251 469 351 679 3478
internal_value=0 -0.187394 -0.523647 0.591627 0.483099 -0.24158 0.671399
internal_count=17698 12704 4846 595 4994 1030 3964
shrinkage=0.12


Tree=15
num_leaves=8
num_cat=0
split_feature=1 2 2 8 2 2 8
split_gain=1550.7 687.379 599.453 563.281 732.822 675.902 665.784
threshold=4.5000000000000009 9.5000000000000018 10.500000000000002 21.385000228881839 2.5000000000000004 1.5000000000000002 59.465000152587898
decision_type=2 2 2 2 2 2 2
left_child=-1 3 -3 4 5 -2 -5
right_child=1 2 -4 6 -6 -7 -8
leaf_value=-0.023319897687990206 -0.20473096300320451 -0.16231226651808794 0.032788285652446326 0.13708571388238383 -0.54160409632584328 0.33769735277782786 0.036372586007214262
leaf_count=12709 83 340 681 1947 46 55 1837
internal_value=0 0.463573 -0.268179 0.651859 -1.05675 0.095452 0.734942
internal_count=17698 4989 1021 3968 184 138 3784
shrinkage=0.12


Tree=16
num_leaves=8
num_cat=0
split_feature=1 0 2 2 1 8 2
split_gain=1231.35 802.644 519.762 485.791 341.918 361.689 415.636
threshold=5.5000000000000009 20.500000000000004 3.5000000000000004 1.5000000000000002 4.5000000000000009 19.944999694824222 2.5000000000000004
decision_type=2 2 2 2 2 2 2
left_child=1 2 3 -1 -5 6 -6
right_child=-2 -3 -4 4 5 -7 -8
leaf_value=-0.047415739981290506 0.078555915549668176 0.05369835285199423 -0.039351067469188476 0.025986224604766718 0.21174285207475935 0.19127551821763053 -0.5266548616989799
leaf_count=1204 2422 2190 9548 1948 21 342 23
internal_value=0 -0.112836 -0.206609 0.120789 0.386928 1.24676 -1.45198
internal_count=17698 15276 13086 3538 2334 386 44
shrinkage=0.12


Tree=17
num_leaves=8
num_cat=0
split_feature=1 0 0 0 8 0 1
split_gain=980.702 663.519 645.632 1836.18 671.801 567.341 450.52
threshold=4.5000000000000009 10.500000000000002 5.5000000000000009 7.5000000000000009 24.48499965667725 1.0000000180025095e-35 1.0000000180025095e-35
decision_type=2 2 2 2 2 2 2
left_child=1 5 -2 -4 -5 6 -1
right_child=2 -3 3 4 -6 -7 -8
leaf_value=0.28029047774377269 -0.073274286545586931 0.0030131123545437425 0.2775870969687258 -0.16603115813298658 0.04495506456912246 -0.068561625404208792 0.0076252237422269704
leaf_count=107 593 7860 496 231 3669 4269 473
internal_value=0 -0.154358 0.368842 0.500967 0.270485 -0.445267 0.482727
internal_count=17698 12709 4989 4396 3900 4849 580
shrinkage=0.12


Tree=18
num_leaves=8
num_cat=0
split_feature=1 0 7 2 2 7 7
split_gain=801.443 582.742 411.546 425.297 347.508 345.5 309.881
threshold=5.5000000000000009 20.500000000000004 0.99500000476837169 3.5000000000000004 1.5000000000000002 0.97500002384185802 0.46500000357627874
decision_type=2 2 2 2 2 2 2
left_child=1 2 3 4 6 -2 -1
right_child=5 -3 -4 -5 -6 -7 -8
leaf_value=-0.025341778490642081 0.055645035330160242 0.046398734336029993 0.1165885064083865 -0.037178961842788225 0.039195597878688891 0.32807629927344945 -0.28392543660083286
leaf_count=1111 2353 2190 308 9298 2298 69 71
internal_value=0 -0.0907793 -0.17068 -0.198213 0.0999954 0.528386 -0.340619
internal_count=17698 15276 13086 12778 3480 2422 1182
shrinkage=0.12


Tree=19
num_leaves=8
num_cat=0
split_feature=0 0 0 1 2 2 1
split_gain=748.562 950.844 848.429 871.267 766.74 803.663 523.693
threshold=5.5000000000000009 1.0000000180025095e-35 6.5000000000000009 4.5000000000000009 9.5000000000000018 10.500000000000002 5.5000000000000009
decision_type=2 2 2 2 2 2 2
left_child=1 -1 3 -2 6 -6 -4
right_child=2 -3 4 -5 5 -7 -8
leaf_value=0.040654508621592221 0.048225701074619758 -0.11953725595506555 0.0058908129792868483 0.31574885460661678 -0.13820896098700056 -0.0073260599192712271 0.079379721784651663
leaf_count=819 610 1531 9850 246 1022 1993 1627
internal_value=0 -0.530906 0.0751546 1.04256 0.0180128 -0.430764 0.135906
internal_count=17698 2350 15348 856 14492 3015 11477
shrinkage=0.12


end of trees

feature importances:
Column_2=52
Column_0=32
Column_1=29
Column_8=17
Column_7=10

parameters:
[boosting: gbdt]
[objective: regression]
[metric: rmse]
[tree_learner: serial]
[device_type: cpu]
[data: ]
[valid: ]
[num_iterations: 100]
[learning_rate: 0.12]
[num_leaves: 8]
[num_threads: 0]
[max_depth: -1]
[min_data_in_leaf: 20]
[min_sum_hessian_in_leaf: 0.001]
[bagging_fraction: 0.8]
[bagging_freq: 5]
[bagging_seed: 3]
[feature_fraction: 0.9]
[feature_fraction_seed: 2]
[early_stopping_round: 0]
[max_delta_step: 0]
[lambda_l1: 0]
[lambda_l2: 0]
[min_gain_to_split: 0]
[drop_rate: 0.1]
[max_drop: 50]
[skip_drop: 0.5]
[xgboost_dart_mode: 0]
[uniform_drop: 0]
[drop_seed: 4]
[top_rate: 0.2]
[other_rate: 0.1]
[min_data_per_group: 100]
[max_cat_threshold: 32]
[cat_l2: 10]
[cat_smooth: 10]
[max_cat_to_onehot: 4]
[top_k: 20]
[monotone_constraints: ]
[feature_contri: ]
[forcedsplits_filename: ]
[refit_decay_rate: 0.9]
[verbosity: 0]
[max_bin: 255]
[min_data_in_bin: 3]
[bin_construct_sample_cnt: 200000]
[histogram_pool_size: -1]
[data_random_seed: 1]
[output_model: LightGBM_model.txt]
[snapshot_freq: -1]
[input_model: ]
[output_result: LightGBM_predict_result.txt]
[initscore_filename: ]
[valid_data_initscores: ]
[pre_partition: 0]
[enable_bundle: 1]
[max_conflict_rate: 0]
[is_enable_sparse: 1]
[sparse_threshold: 0.8]
[use_missing: 1]
[zero_as_missing: 0]
[two_round: 0]
[save_binary: 0]
[enable_load_from_binary_file: 1]
[header: 0]
[label_column: ]
[weight_column: ]
[group_column: ]
[ignore_column: ]
[categorical_feature: ]
[predict_raw_score: 0]
[predict_leaf_index: 0]
[predict_contrib: 0]
[num_iteration_predict: -1]
[pred_early_stop: 0]
[pred_early_stop_freq: 10]
[pred_early_stop_margin: 10]
[convert_model_language: ]
[convert_model: gbdt_prediction.cpp]
[num_class: 1]
[is_unbalance: 0]
[scale_pos_weight: 1]
[sigmoid: 1]
[boost_from_average: 1]
[reg_sqrt: 0]
[alpha: 0.9]
[fair_c: 1]
[poisson_max_delta_step: 0.7]
[tweedie_variance_power: 1.5]
[max_position: 20]
[label_gain: ]
[metric_freq: 1]
[is_provide_training_metric: 0]
[eval_at: ]
[num_machines: 1]
[local_listen_port: 12400]
[time_out: 120]
[machine_list_filename: ]
[machines: ]
[gpu_platform_id: -1]
[gpu_device_id: -1]
[gpu_use_dp: 0]

end of parameters

pandas_categorical:null
