tree
version=v2
num_class=1
num_tree_per_iteration=1
label_index=0
max_feature_idx=8
objective=regression
feature_names=Column_0 Column_1 Column_2 Column_3 Column_4 Column_5 Column_6 Column_7 Column_8
feature_infos=[0:23] [0:6] [1:12] [0:2] none [0:1] [0:1] [0:1] [-9.5500001907348633:95.480003356933594]
tree_sizes=699 716 722 723 707 723 728 716 727 732 730 713 723 723 724 727 736 718 718 731

Tree=0
num_leaves=8
num_cat=0
split_feature=8 0 0 3 8 0 0
split_gain=1301.06 817.399 431.566 334.31 284.459 234.97 391.42
threshold=24.610000610351566 5.5000000000000009 16.500000000000004 1.0000000180025095e-35 6.5950000286102304 5.5000000000000009 16.500000000000004
decision_type=2 2 2 2 2 2 2
left_child=4 -2 -3 -4 -1 -6 -7
right_child=1 2 3 -5 5 6 -8
leaf_value=2.0075210212956933 1.7101794770666647 1.5921873693854347 1.6497253901024274 1.5651036803125549 1.9155081885125174 1.65739793455953 1.8465178436465417
leaf_count=67 1274 8057 4355 795 107 445 244
internal_value=0 -0.0966653 -0.170456 0.0556462 1.16723 1.00067 0.786561
internal_count=15344 14481 13207 5150 863 796 689
shrinkage=1


Tree=1
num_leaves=8
num_cat=0
split_feature=8 1 0 0 2 0 0
split_gain=1007.54 779.63 937.986 474.224 250.903 243.568 258.805
threshold=24.610000610351566 4.5000000000000009 5.5000000000000009 1.5000000000000002 8.5000000000000018 1.5000000000000002 16.500000000000004
decision_type=2 2 2 2 2 2 2
left_child=-1 5 3 -3 -5 -2 -7
right_child=1 2 -4 4 -6 6 -8
leaf_value=0.12325992192239915 0.052918000505414113 0.12462462021754336 0.018099271127385054 0.57055311114015717 0.19170154378964349 -0.046510847407596576 -0.0064408426661376411
leaf_count=863 516 195 3715 71 39 6254 3691
internal_value=0 -0.0850655 0.289233 1.97507 3.63528 -0.228903 -0.26366
internal_count=15344 14481 4020 305 110 10461 9945
shrinkage=0.12


Tree=2
num_leaves=8
num_cat=0
split_feature=8 1 8 2 3 2 6
split_gain=780.237 603.746 236.4 242.783 219.364 171.042 153.558
threshold=24.610000610351566 4.5000000000000009 10.945000171661379 1.5000000000000002 1.0000000180025095e-35 11.500000000000002 1.0000000180025095e-35
decision_type=2 2 2 2 2 2 2
left_child=2 6 3 -1 -3 -4 -2
right_child=1 4 5 -5 -6 -7 -8
leaf_value=0.42413707332685591 -0.02602394987552727 0.040520243804751485 0.050166067718321432 0.096117325696078212 -0.048214919346887451 0.18750883965238052 0.089975019072344203
leaf_count=64 10294 3568 563 66 452 170 167
internal_value=0 -0.0748576 0.903906 2.1467 0.254525 0.683492 -0.201434
internal_count=15344 14481 863 130 4020 733 10461
shrinkage=0.12


Tree=3
num_leaves=8
num_cat=0
split_feature=0 1 8 0 1 0 0
split_gain=697.109 589.701 506.498 428.794 312.714 310.152 360.804
threshold=5.5000000000000009 4.5000000000000009 34.504999160766609 1.5000000000000002 5.5000000000000009 18.500000000000004 10.500000000000002
decision_type=2 2 2 2 2 2 2
left_child=1 -1 -2 -3 -4 6 -6
right_child=2 3 4 -5 5 -7 -8
leaf_value=0.034650274961762276 0.041714097639901249 0.11328403777639631 -0.028226396427905039 0.39325899540066717 0.08566464275121688 0.11713989438329424 -0.049962533012292629
leaf_count=1053 2269 213 10026 125 436 420 802
internal_value=0 0.657642 -0.0847309 1.80688 -0.168692 0.233608 -0.0183102
internal_count=15344 1391 13953 338 11684 1658 1238
shrinkage=0.12


Tree=4
num_leaves=8
num_cat=0
split_feature=8 1 8 1 8 1 2
split_gain=531.164 388.178 183.09 202.522 162.22 483.725 267.373
threshold=24.610000610351566 4.5000000000000009 10.945000171661379 1.0000000180025095e-35 22.474999427795414 2.5000000000000004 11.500000000000002
decision_type=2 2 2 2 2 2 2
left_child=2 -2 3 -1 -4 -6 -7
right_child=1 -3 4 -5 5 6 -8
leaf_value=0.52781542017459859 -0.019470569210200177 0.024402336015074112 0.033421005606651302 0.14778011465072632 -0.067096186669228911 0.22593310414868242 0.6794966423604637
leaf_count=25 10461 4020 547 105 77 85 24
internal_value=0 -0.0607602 0.746808 1.84053 0.552832 1.35958 2.715
internal_count=15344 14481 863 130 733 186 109
shrinkage=0.12


Tree=5
num_leaves=8
num_cat=0
split_feature=0 1 1 0 0 0 0
split_gain=615.452 487.538 405.868 524.555 356.838 486.117 337.786
threshold=5.5000000000000009 5.5000000000000009 4.5000000000000009 1.5000000000000002 18.500000000000004 10.500000000000002 7.5000000000000009
decision_type=2 2 2 2 2 2 2
left_child=2 6 -1 -4 5 -3 -2
right_child=1 4 3 -5 -6 -7 -8
leaf_value=0.041881153508583395 -0.071389678621150629 0.1093547068269987 0.085035080478883501 0.40463348507881164 0.13239273064276749 -0.036308712982525256 -0.0076454826961736598
leaf_count=1022 1348 526 214 113 544 885 10692
internal_value=0 -0.0479753 0.659276 1.62898 0.415213 0.149937 -0.123186
internal_count=15344 13995 1349 327 1955 1411 12040
shrinkage=0.12


Tree=6
num_leaves=8
num_cat=0
split_feature=0 0 3 6 8 8 0
split_gain=476.606 317.787 325.451 213.158 202.408 190.998 181.761
threshold=5.5000000000000009 16.500000000000004 1.0000000180025095e-35 1.0000000180025095e-35 6.5950000286102304 13.239999771118166 19.500000000000004
decision_type=2 2 2 2 2 2 2
left_child=-1 3 5 4 -2 -3 -7
right_child=1 2 -4 -5 -6 6 -8
leaf_value=0.069619566695868218 0.26191914041837056 0.27330475388661674 -0.053093445005279086 0.11695163715768743 -0.023230490912803617 0.05361027434109656 0.0055058124625219128
leaf_count=1349 36 46 796 162 8399 2088 2468
internal_value=0 -0.0422183 0.14795 -0.161624 -0.183446 0.25007 0.229599
internal_count=15344 13995 5398 8597 8435 4602 4556
shrinkage=0.12


Tree=7
num_leaves=8
num_cat=0
split_feature=0 1 1 0 8 7 8
split_gain=369.084 376.129 314.304 406.216 268.596 342.125 252.053
threshold=5.5000000000000009 5.5000000000000009 4.5000000000000009 1.5000000000000002 37.514999389648445 0.47499999403953558 6.5950000286102304
decision_type=2 2 2 2 2 2 2
left_child=2 6 -1 -4 5 -3 -2
right_child=1 4 3 -5 -6 -7 -8
leaf_value=0.028501065100475766 0.28834289824962611 0.10467159065540677 0.06647652836603539 0.34772312578901782 0.021484543295218133 0.59115553118965847 -0.013387947235861793
leaf_count=1022 40 387 214 113 1546 22 12000
internal_value=0 -0.0371521 0.510543 1.36388 0.369686 1.09033 -0.103213
internal_count=15344 13995 1349 327 1955 409 12040
shrinkage=0.12


Tree=8
num_leaves=8
num_cat=0
split_feature=0 1 0 0 0 0 1
split_gain=285.818 291.275 260.45 375.338 251.715 246.894 243.397
threshold=5.5000000000000009 5.5000000000000009 18.500000000000004 10.500000000000002 19.500000000000004 7.5000000000000009 4.5000000000000009
decision_type=2 2 2 2 2 2 2
left_child=6 5 3 -3 -4 -2 -1
right_child=1 2 4 -5 -6 -7 -8
leaf_value=0.025080938394055671 -0.059295069678335581 0.092122870705483528 0.27264624735084148 -0.035871618495149131 0.068718002973959358 -0.0047977269480772387 0.14402582983358189
leaf_count=1022 1348 526 109 885 435 10692 327
internal_value=0 -0.0326938 0.325324 0.0986903 0.913155 -0.0908271 0.449278
internal_count=15344 13995 1955 1411 544 12040 1349
shrinkage=0.12


Tree=9
num_leaves=8
num_cat=0
split_feature=8 0 0 3 6 0 8
split_gain=230.031 212.388 222.613 237.663 163.549 149.518 138.311
threshold=6.5950000286102304 5.5000000000000009 16.500000000000004 1.0000000180025095e-35 1.0000000180025095e-35 18.500000000000004 28.619999885559086
decision_type=2 2 2 2 2 2 2
left_child=-1 -2 4 5 -3 -4 -6
right_child=1 2 3 -5 6 -7 -8
leaf_value=0.23552507761865851 0.045789633131152044 -0.018606727969069439 0.056634949236697096 -0.045695604092661456 0.36268553853034974 0.010347380753433734 0.055757402146819728
leaf_count=60 1337 8399 1486 796 25 3104 137
internal_value=0 0.000846657 -0.0356516 0.123629 -0.13586 0.211107 0.859357
internal_count=15344 15284 13947 5386 8561 4590 162
shrinkage=0.12


Tree=10
num_leaves=8
num_cat=0
split_feature=1 0 0 2 0 0 1
split_gain=193.15 216.149 156.256 153.383 141.177 136.087 132.584
threshold=5.5000000000000009 18.500000000000004 10.500000000000002 11.500000000000002 5.5000000000000009 6.5000000000000009 4.5000000000000009
decision_type=2 2 2 2 2 2 2
left_child=3 2 -2 4 -1 -6 -5
right_child=1 -3 -4 6 5 -7 -8
leaf_value=0.031996090708598691 0.056608762261108489 0.098933280919738811 -0.021318655198947951 0.019161342874665751 -0.066690927286148075 -0.0090513223438713243 0.12904722653405398
leaf_count=1143 640 556 880 818 625 10486 196
internal_value=0 0.290928 0.0957741 -0.0370913 -0.0680203 -0.102447 0.33668
internal_count=15344 2076 1520 13268 12254 11111 1014
shrinkage=0.12


Tree=11
num_leaves=8
num_cat=0
split_feature=8 5 0 2 0 8 1
split_gain=343.267 483.16 368.154 219.002 272.566 252.641 248.959
threshold=30.045000076293949 1.0000000180025095e-35 12.500000000000002 11.500000000000002 8.5000000000000018 10.945000171661379 4.5000000000000009
decision_type=2 2 2 2 2 2 2
left_child=1 3 -3 5 -5 -1 -6
right_child=-2 2 -4 4 6 -7 -8
leaf_value=0.22074575690925122 -0.0053285731796875154 0.77627339243888849 0.16511921951919795 -0.024931727056968802 0.11195412068484933 -0.00022585122404010613 0.37377966081989661
leaf_count=80 13756 22 40 121 163 1085 77
internal_value=0 0.446632 3.18317 0.335449 1.01599 0.124568 1.63297
internal_count=15344 1588 62 1526 361 1165 240
shrinkage=0.12


Tree=12
num_leaves=8
num_cat=0
split_feature=8 7 8 1 2 2 8
split_gain=265.826 529.928 165.566 156.478 154.915 214.877 144.739
threshold=30.045000076293949 0.12499999627470972 86.189998626708999 5.5000000000000009 11.500000000000002 2.5000000000000004 13.239999771118166
decision_type=2 2 2 2 2 2 2
left_child=1 4 3 -2 5 6 -1
right_child=2 -3 -4 -5 -6 -7 -8
leaf_value=0.17553764818502324 -0.012079434240396338 0.51581647585420043 0.074828104815301194 0.02542903055130474 0.10541618864522777 -0.064010566554173046 0.029083312626582966
leaf_count=112 11529 34 367 1860 364 344 734
internal_value=0 0.393036 -0.0390762 -0.0572396 0.307589 0.132967 0.403934
internal_count=15344 1588 13756 13389 1554 1190 846
shrinkage=0.12


Tree=13
num_leaves=8
num_cat=0
split_feature=8 7 8 1 2 2 1
split_gain=205.856 410.376 128.93 120.133 119.966 166.401 124.93
threshold=30.045000076293949 0.12499999627470972 74.284999847412124 5.5000000000000009 11.500000000000002 2.5000000000000004 3.5000000000000004
decision_type=2 2 2 2 2 2 2
left_child=1 4 3 -2 5 -1 -6
right_child=2 -3 -4 -5 6 -7 -8
leaf_value=0.042655418458533413 -0.014659224490524389 0.45391849704086779 0.020209858500596777 0.021291948853484913 0.026227166855242103 -0.056329299447635664 0.16704242756200391
leaf_count=846 9649 34 2553 1554 192 344 172
internal_value=0 0.345872 -0.0343871 -0.0806028 0.270678 0.117011 0.773052
internal_count=15344 1588 13756 11203 1554 1190 364
shrinkage=0.12


Tree=14
num_leaves=8
num_cat=0
split_feature=8 7 8 0 2 0 0
split_gain=162.756 209.127 121.786 120.283 167.27 96.1106 133.932
threshold=33.495000839233406 0.72500002384185802 86.189998626708999 1.5000000000000002 1.5000000000000002 16.500000000000004 5.5000000000000009
decision_type=2 2 2 2 2 2 2
left_child=1 3 5 4 -1 6 -2
right_child=2 -3 -4 -5 -6 -7 -8
leaf_value=0.35654663518071172 0.025380450834058918 0.41601926994323729 0.063423551064421102 0.019293915615032218 0.057864823271003028 0.0073088643828615168 -0.020480021155383214
leaf_count=36 1054 20 367 2178 108 4526 7055
internal_value=0 0.247038 -0.0393396 0.219305 1.10446 -0.0558341 -0.120993
internal_count=15344 2342 13002 2322 144 12635 8109
shrinkage=0.12


Tree=15
num_leaves=8
num_cat=0
split_feature=8 7 1 8 7 3 8
split_gain=130.85 186.11 173.643 122.627 107.565 101.188 76.3366
threshold=32.704999923706062 0.095000002533197417 4.5000000000000009 74.284999847412124 0.24499999731779101 1.0000000180025095e-35 54.194999694824226
decision_type=2 2 2 2 2 2 2
left_child=1 -1 4 5 -3 6 -2
right_child=3 2 -4 -5 -6 -7 -8
leaf_value=0.019303732545180412 -0.017352102285835166 0.25591690617799756 0.42205947085013307 0.01866746509786682 -0.041590469224112372 -0.052049641106684183 0.0038298141015931236
leaf_count=2052 5070 30 31 2599 42 779 4741
internal_value=0 0.226705 1.53839 -0.039078 0.686424 -0.0868466 -0.0593025
internal_count=15344 2155 103 13189 72 10590 9811
shrinkage=0.12


Tree=16
num_leaves=8
num_cat=0
split_feature=3 0 1 0 0 1 1
split_gain=107.639 155.32 258.515 139.089 161.388 270.563 207.521
threshold=1.0000000180025095e-35 1.5000000000000002 1.0000000180025095e-35 16.500000000000004 17.500000000000004 4.5000000000000009 5.5000000000000009
decision_type=2 2 2 2 2 2 2
left_child=1 2 -1 -3 5 -5 -6
right_child=-2 3 -4 4 6 -7 -8
leaf_value=0.23329602645083258 -0.03491088428331969 -0.0088462078036872071 0.027048114721622801 0.11122215532175787 -0.0048287274688992134 -0.055361391975293078 0.071485293752170706
leaf_count=104 1186 8871 552 546 3288 189 608
internal_value=0 0.0227014 0.497883 -0.000385445 0.140089 0.569887 0.0590054
internal_count=15344 14158 656 13502 4631 735 3896
shrinkage=0.12


Tree=17
num_leaves=8
num_cat=0
split_feature=8 5 0 8 8 2 0
split_gain=97.4268 98.6306 185.227 266.983 98.0318 78.7083 252.678
threshold=32.704999923706062 1.0000000180025095e-35 12.500000000000002 30.73499965667725 74.284999847412124 11.500000000000002 13.500000000000002
decision_type=2 2 2 2 2 2 2
left_child=1 5 3 -3 -2 -1 -7
right_child=4 2 -4 -5 -6 6 -8
leaf_value=0.002489964699659114 -0.0091530262039098403 0.61264595551924272 0.0062951717051592734 0.0898353298810812 0.016855727276259912 -0.019448536170824256 0.14909369074476833
leaf_count=1489 10590 22 88 39 2599 283 234
internal_value=0 0.195775 0.980747 2.31992 -0.0335649 0.137469 0.47363
internal_count=15344 2155 149 61 13189 2006 517
shrinkage=0.12


Tree=18
num_leaves=8
num_cat=0
split_feature=0 8 1 0 2 7 8
split_gain=89.4837 135.743 97.8971 201.208 213.493 102.144 89.5381
threshold=5.5000000000000009 21.845000267028812 4.5000000000000009 1.0000000180025095e-35 9.5000000000000018 0.095000002533197417 69.704998016357436
decision_type=2 2 2 2 2 2 2
left_child=1 -1 6 5 -5 -4 -3
right_child=-2 2 3 4 -6 -7 -8
leaf_value=0.18287292646674008 -0.0030101546152621725 -0.012352651418121747 -0.029508385450006964 0.30640093629006981 -0.10786918090737384 0.20164617061614989 0.095589876645427979
leaf_count=78 13976 860 166 81 23 33 127
internal_value=0 0.242898 0.16544 0.662635 1.78986 0.0735315 0.0128051
internal_count=15344 1368 1290 303 104 199 987
shrinkage=0.12


Tree=19
num_leaves=8
num_cat=0
split_feature=3 0 1 1 8 2 0
split_gain=82.6584 114.007 201.619 129.606 106.508 89.7159 114.09
threshold=1.0000000180025095e-35 1.5000000000000002 1.0000000180025095e-35 2.5000000000000004 54.495000839233406 8.5000000000000018 16.500000000000004
decision_type=2 2 2 2 2 2 2
left_child=1 2 4 5 -1 -3 -7
right_child=-2 3 -4 -5 -6 6 -8
leaf_value=0.10459277593801097 -0.030556784782049831 -0.023106581701639369 0.022400082111834425 0.010429060381410558 0.35208873889275955 -0.013040129327328523 0.05010333818018059
leaf_count=62 1186 4098 552 7588 42 1184 632
internal_value=0 0.0201936 0.427303 0.000413973 1.70453 -0.110564 0.0744576
internal_count=15344 14158 656 13502 104 5914 1816
shrinkage=0.12


end of trees

feature importances:
Column_0=48
Column_8=33
Column_1=26
Column_2=14
Column_3=7
Column_7=7
Column_6=3
Column_5=2

parameters:
[boosting: gbdt]
[objective: regression]
[metric: rmse]
[tree_learner: serial]
[device_type: cpu]
[data: ]
[valid: ]
[num_iterations: 100]
[learning_rate: 0.12]
[num_leaves: 8]
[num_threads: 0]
[max_depth: -1]
[min_data_in_leaf: 20]
[min_sum_hessian_in_leaf: 0.001]
[bagging_fraction: 0.8]
[bagging_freq: 5]
[bagging_seed: 3]
[feature_fraction: 0.9]
[feature_fraction_seed: 2]
[early_stopping_round: 0]
[max_delta_step: 0]
[lambda_l1: 0]
[lambda_l2: 0]
[min_gain_to_split: 0]
[drop_rate: 0.1]
[max_drop: 50]
[skip_drop: 0.5]
[xgboost_dart_mode: 0]
[uniform_drop: 0]
[drop_seed: 4]
[top_rate: 0.2]
[other_rate: 0.1]
[min_data_per_group: 100]
[max_cat_threshold: 32]
[cat_l2: 10]
[cat_smooth: 10]
[max_cat_to_onehot: 4]
[top_k: 20]
[monotone_constraints: ]
[feature_contri: ]
[forcedsplits_filename: ]
[refit_decay_rate: 0.9]
[verbosity: 0]
[max_bin: 255]
[min_data_in_bin: 3]
[bin_construct_sample_cnt: 200000]
[histogram_pool_size: -1]
[data_random_seed: 1]
[output_model: LightGBM_model.txt]
[snapshot_freq: -1]
[input_model: ]
[output_result: LightGBM_predict_result.txt]
[initscore_filename: ]
[valid_data_initscores: ]
[pre_partition: 0]
[enable_bundle: 1]
[max_conflict_rate: 0]
[is_enable_sparse: 1]
[sparse_threshold: 0.8]
[use_missing: 1]
[zero_as_missing: 0]
[two_round: 0]
[save_binary: 0]
[enable_load_from_binary_file: 1]
[header: 0]
[label_column: ]
[weight_column: ]
[group_column: ]
[ignore_column: ]
[categorical_feature: ]
[predict_raw_score: 0]
[predict_leaf_index: 0]
[predict_contrib: 0]
[num_iteration_predict: -1]
[pred_early_stop: 0]
[pred_early_stop_freq: 10]
[pred_early_stop_margin: 10]
[convert_model_language: ]
[convert_model: gbdt_prediction.cpp]
[num_class: 1]
[is_unbalance: 0]
[scale_pos_weight: 1]
[sigmoid: 1]
[boost_from_average: 1]
[reg_sqrt: 0]
[alpha: 0.9]
[fair_c: 1]
[poisson_max_delta_step: 0.7]
[tweedie_variance_power: 1.5]
[max_position: 20]
[label_gain: ]
[metric_freq: 1]
[is_provide_training_metric: 0]
[eval_at: ]
[num_machines: 1]
[local_listen_port: 12400]
[time_out: 120]
[machine_list_filename: ]
[machines: ]
[gpu_platform_id: -1]
[gpu_device_id: -1]
[gpu_use_dp: 0]

end of parameters

pandas_categorical:null
