tree
version=v2
num_class=1
num_tree_per_iteration=1
label_index=0
max_feature_idx=8
objective=regression
feature_names=Column_0 Column_1 Column_2 Column_3 Column_4 Column_5 Column_6 Column_7 Column_8
feature_infos=[0:23] [0:6] [1:12] [0:2] none [0:1] [0:1] [0:1] [-3.5399999618530273:95.720001220703125]
tree_sizes=696 714 708 715 712 717 712 708 716 718 721 711 712 712 727 699 703 701 718 703

Tree=0
num_leaves=8
num_cat=0
split_feature=0 0 8 7 0 2 8
split_gain=22380.4 14271.8 2104.43 1273.59 1015.85 651.492 641.868
threshold=5.5000000000000009 3.5000000000000004 46.604999542236335 0.99500000476837169 20.500000000000004 4.5000000000000009 61.725000381469734
decision_type=2 2 2 2 2 2 2
left_child=1 -1 4 -3 -2 6 -4
right_child=2 3 5 -5 -6 -7 -8
leaf_value=2.5784417075320945 2.4570803347158812 3.3595786914647761 2.4272075597205158 4.334334585178949 2.5979345648338974 2.3705889696728817 2.6712095658670445
leaf_count=672 4079 553 811 20 900 7091 192
internal_value=0 4.02314 -0.414 7.68972 0.0975525 -0.72868 0.0256757
internal_count=14318 1245 13073 573 4979 8094 1003
shrinkage=1


Tree=1
num_leaves=8
num_cat=0
split_feature=0 0 1 1 8 2 2
split_gain=17331.4 11052.1 7280.08 6197.59 3660.89 3114.92 1748.86
threshold=5.5000000000000009 3.5000000000000004 4.5000000000000009 4.5000000000000009 51.23500061035157 4.5000000000000009 11.500000000000002
decision_type=2 2 2 2 2 2 2
left_child=1 -1 -2 -3 6 -6 -4
right_child=2 3 4 -5 5 -7 -8
leaf_value=0.094694145034466465 -0.099525688051696329 0.96753109918967362 0.17464701777865863 -0.18960360200374157 0.43130871031965523 -0.056555601677040594 0.49301596476123077
leaf_count=672 9416 496 1303 77 210 1837 307
internal_value=0 3.54036 -0.36432 6.76696 0.833113 -0.0542168 1.96129
internal_count=14318 1245 13073 573 3657 2047 1610
shrinkage=0.12


Tree=2
num_leaves=8
num_cat=0
split_feature=1 8 2 2 8 8 3
split_gain=2714.78 2732.61 2425.45 1274.31 1078.49 1653.17 1043.8
threshold=4.5000000000000009 55.844999313354499 4.5000000000000009 11.500000000000002 19.625000000000004 28.82499980926514 1.0000000180025095e-35
decision_type=2 2 2 2 2 2 2
left_child=-1 3 6 -2 -5 -6 -3
right_child=1 2 -4 4 5 -7 -8
leaf_value=-0.034729454622201686 0.13700227137634954 0.59979955163598053 -0.059186161350718171 -0.19344411158189176 1.0644395852224393 0.33643202494601815 -0.22600270065996381
leaf_count=10393 1671 120 1767 40 55 245 27
internal_value=0 0.686741 -0.16853 1.50076 3.2655 3.91583 3.73435
internal_count=14318 3925 1914 2011 340 300 147
shrinkage=0.12


Tree=3
num_leaves=8
num_cat=0
split_feature=0 0 1 1 8 2 0
split_gain=13463.5 8595.52 4978.69 4775.83 2266.8 1919.79 1273.55
threshold=5.5000000000000009 3.5000000000000004 4.5000000000000009 4.5000000000000009 51.23500061035157 4.5000000000000009 12.500000000000002
decision_type=2 2 2 2 2 2 2
left_child=1 -1 -3 6 -5 -6 -2
right_child=3 2 -4 4 5 -7 -8
leaf_value=0.083610226887145214 -0.1382926974533828 0.85559490524953408 -0.18152690930025916 0.1846986846138278 0.33809222393961885 -0.044910837078328096 -0.047924080308436846
leaf_count=672 3698 496 77 1610 210 1837 5718
internal_value=0 3.12305 5.96855 -0.318451 0.651406 -0.046824 -0.695126
internal_count=14318 1245 573 13073 3657 2047 9416
shrinkage=0.12


Tree=4
num_leaves=8
num_cat=0
split_feature=1 2 2 8 3 2 2
split_gain=1623.18 1763.61 1374.81 982.929 1042.19 1243.87 2908.84
threshold=4.5000000000000009 11.500000000000002 4.5000000000000009 53.385000228881843 1.0000000180025095e-35 2.5000000000000004 3.5000000000000004
decision_type=2 2 2 2 2 2 2
left_child=-1 2 3 -2 5 -5 -7
right_child=1 -3 -4 4 -6 6 -8
leaf_value=-0.026857371348212016 0.096732130129673979 0.32491612374212808 -0.014624795591037826 -0.36097935801744457 -0.25049349319934844 1.8214791652679443 0.38750412112338978
leaf_count=10393 1041 340 2359 20 30 25 110
internal_value=0 0.530993 0.324561 1.18357 3.30757 4.35177 5.44213
internal_count=14318 3925 3585 1226 185 155 135
shrinkage=0.12


Tree=5
num_leaves=8
num_cat=0
split_feature=0 0 1 1 8 2 0
split_gain=10798.8 6665.47 3968.24 3762.59 2250.2 1463.34 1283.89
threshold=5.5000000000000009 3.5000000000000004 4.5000000000000009 4.5000000000000009 55.844999313354499 3.5000000000000004 20.500000000000004
decision_type=2 2 2 2 2 2 2
left_child=1 -1 6 -3 -4 -6 -2
right_child=2 3 4 -5 5 -7 -8
leaf_value=0.087904626750366185 -0.089952142247454542 0.77077260899642286 0.16626783049073968 -0.17048384706463132 0.93056238754935883 -0.032778136549018087 0.031501677848348675
leaf_count=663 7891 484 1918 70 23 1779 1490
internal_value=0 2.87182 -0.242273 5.43201 0.631703 -0.170687 -0.588845
internal_count=14318 1217 13101 554 3720 1802 9381
shrinkage=0.12


Tree=6
num_leaves=8
num_cat=0
split_feature=0 0 8 0 2 7 8
split_gain=8362.61 5161.74 1107.39 881.016 642.756 592.309 780.089
threshold=5.5000000000000009 3.5000000000000004 44.905000686645515 14.500000000000002 7.5000000000000009 0.99500000476837169 50.725000381469734
decision_type=2 2 2 2 2 2 2
left_child=1 -1 3 -2 -3 -4 -7
right_child=2 4 5 -5 -6 6 -8
leaf_value=0.07735607242759536 -0.029538155417926239 0.46632851826753918 -0.056723363785171482 0.074200461721887767 0.72933589084485984 0.56867376504808054 0.016730198072107044
leaf_count=663 2424 328 8184 2295 226 49 149
internal_value=0 2.5272 -0.2132 0.174277 4.78017 -0.431347 1.27769
internal_count=14318 1217 13101 4719 554 8382 198
shrinkage=0.12


Tree=7
num_leaves=8
num_cat=0
split_feature=0 0 1 1 8 7 0
split_gain=6476 3997.25 3069.7 2908.1 1617.57 1370.09 931.567
threshold=5.5000000000000009 3.5000000000000004 4.5000000000000009 4.5000000000000009 68.905002593994155 0.99500000476837169 20.500000000000004
decision_type=2 2 2 2 2 2 2
left_child=1 -1 6 -3 5 -4 -2
right_child=2 3 4 -5 -6 -7 -8
leaf_value=0.068073339518918169 -0.07552433690024811 0.60934398417630475 0.10506826245225966 -0.2181586962257113 -0.059275883597961918 0.671316625390734 0.027931217238006973
leaf_count=663 7891 484 2640 70 1017 63 1490
internal_value=0 2.22394 -0.187616 4.20655 0.58107 0.985551 -0.492436
internal_count=14318 1217 13101 554 3720 2703 9381
shrinkage=0.12


Tree=8
num_leaves=8
num_cat=0
split_feature=0 0 1 1 2 2 7
split_gain=5015.02 3095.47 2377.18 2252.04 1149.37 1027.06 1021.38
threshold=5.5000000000000009 3.5000000000000004 4.5000000000000009 4.5000000000000009 11.500000000000002 4.5000000000000009 0.99500000476837169
decision_type=2 2 2 2 2 2 2
left_child=1 -1 -2 -3 5 -4 -7
right_child=2 3 4 -5 -6 6 -8
leaf_value=0.059904539885833788 -0.052001236680267258 0.53622271094040197 0.13153945250257018 -0.1919796507188252 0.28142686694622421 -0.017737627956821957 0.60182182541260354
leaf_count=663 9381 484 1182 70 313 2186 39
internal_value=0 1.95707 -0.165102 3.70176 0.511341 0.342863 -0.0573161
internal_count=14318 1217 13101 554 3720 3407 2225
shrinkage=0.12


Tree=9
num_leaves=8
num_cat=0
split_feature=0 0 0 7 8 8 8
split_gain=3883.63 2397.13 815.211 516.252 437.262 360.016 1537.19
threshold=5.5000000000000009 3.5000000000000004 20.500000000000004 0.67500001192092907 46.875000000000007 43.864999771118171 41.004999160766609
decision_type=2 2 2 2 2 2 2
left_child=1 -1 4 -3 -2 6 -4
right_child=2 3 5 -5 -6 -7 -8
leaf_value=0.052715997256304881 -0.00012494747594178794 0.36082412888548965 0.056309370081548744 0.83698019814491265 -0.049370144455428942 0.012989942481568919 0.59424841146136442
leaf_count=663 4204 519 692 35 6790 1329 86
internal_value=0 1.72222 -0.14529 3.25755 -0.254494 0.424518 0.964776
internal_count=14318 1217 13101 554 10994 2107 778
shrinkage=0.12


Tree=10
num_leaves=8
num_cat=0
split_feature=0 0 1 1 2 0 7
split_gain=3379.15 1684.19 1933.69 1522.9 1061.99 861.556 793.091
threshold=5.5000000000000009 1.0000000180025095e-35 4.5000000000000009 4.5000000000000009 11.500000000000002 12.500000000000002 0.99500000476837169
decision_type=2 2 2 2 2 2 2
left_child=1 -1 -3 5 6 -2 -5
right_child=3 2 -4 4 -6 -7 -8
leaf_value=0.063809435203473069 -0.086770809040471755 0.43221799288634899 -0.22624958571147272 0.021760581065030156 0.26373560253029965 -0.012507282833234665 0.44826777337118984
leaf_count=676 3717 486 74 3298 305 5698 64
internal_value=0 1.59419 2.87672 -0.135618 0.411087 -0.348552 0.248997
internal_count=14318 1236 560 13082 3667 9415 3362
shrinkage=0.12


Tree=11
num_leaves=8
num_cat=0
split_feature=0 0 1 1 2 8 8
split_gain=2616.81 1304.24 1497.45 1179.33 822.406 932.146 1590.31
threshold=5.5000000000000009 1.0000000180025095e-35 4.5000000000000009 4.5000000000000009 11.500000000000002 20.464999198913578 29.57499980926514
decision_type=2 2 2 2 2 2 2
left_child=1 -1 -3 -2 -5 -6 -7
right_child=3 2 -4 4 5 6 -8
leaf_value=0.056152307312252257 -0.036807051059133629 0.38035179986629952 -0.19909963437834302 0.026294129809549167 -0.37019582732157275 0.8881598628891838 0.16074525556706507
leaf_count=676 9415 486 74 3362 33 54 218
internal_value=0 1.40289 2.53151 -0.119344 0.361757 1.93406 2.54299
internal_count=14318 1236 560 13082 3667 305 272
shrinkage=0.12


Tree=12
num_leaves=8
num_cat=0
split_feature=8 7 1 8 1 8 8
split_gain=477.314 448.861 1013.22 1599.54 436.906 1323.11 620.362
threshold=44.905000686645515 0.99500000476837169 4.5000000000000009 51.524999618530281 4.5000000000000009 37.93499946594239 31.304999351501468
decision_type=2 2 2 2 2 2 2
left_child=4 -2 -3 -4 -1 6 -6
right_child=1 2 3 -5 5 -7 -8
leaf_value=0.0091542185100836389 -0.019761051913223939 0.015453179752240415 1.4575685423612594 0.089553968086838714 0.091519795451427521 0.24302583661462579 -0.1084893477876691
leaf_count=3849 8830 183 20 32 489 504 411
internal_value=0 -0.128374 1.23564 5.13095 0.250466 0.727974 0.00151906
internal_count=14318 9065 235 52 5253 1404 900
shrinkage=0.12


Tree=13
num_leaves=8
num_cat=0
split_feature=7 8 1 8 2 2 2
split_gain=380.518 395.334 388.761 1232.59 939.791 694.089 546.191
threshold=0.99500000476837169 44.905000686645515 4.5000000000000009 41.004999160766609 1.5000000000000002 2.5000000000000004 3.5000000000000004
decision_type=2 2 2 2 2 2 2
left_child=1 2 -1 -4 -5 -6 -7
right_child=-2 -3 3 4 5 6 -8
leaf_value=0.0044944827927691456 0.1239866843668081 -0.017389726409201309 0.023995147198104538 0.87369246057561922 -0.34967301620377433 0.70787788962063036 0.20178004557592794
leaf_count=3757 354 8830 1115 37 27 38 160
internal_value=0 -0.0166149 0.204048 0.658583 2.61036 1.84233 2.49092
internal_count=14318 13964 5134 1377 262 225 198
shrinkage=0.12


Tree=14
num_leaves=8
num_cat=0
split_feature=0 0 1 0 1 3 7
split_gain=2033.68 1020.41 1173.44 746.063 596.055 625.848 671.641
threshold=5.5000000000000009 1.0000000180025095e-35 4.5000000000000009 20.500000000000004 4.5000000000000009 1.0000000180025095e-35 0.99500000476837169
decision_type=2 2 2 2 2 2 2
left_child=1 -1 -3 4 -2 6 -6
right_child=3 2 -4 -5 5 -7 -8
leaf_value=0.048880725387902654 -0.042948539002336431 0.33569626420920279 -0.17725058604535218 0.051975629540461282 0.028350988081421565 -0.14440687182414907 0.41874446225166323
leaf_count=676 7903 486 74 2135 2677 302 65
internal_value=0 1.23433 2.23262 -0.107623 -0.213087 0.162897 0.313378
internal_count=14318 1236 560 13082 10947 3044 2742
shrinkage=0.12


Tree=15
num_leaves=8
num_cat=0
split_feature=8 1 8 2 8 2 8
split_gain=262.499 280.527 720.668 730.674 377.322 326.342 283.584
threshold=31.82499980926514 5.5000000000000009 21.394999504089359 11.500000000000002 30.479999542236332 1.5000000000000002 27.69999980926514
decision_type=2 2 2 2 2 2 2
left_child=1 -1 -3 4 5 -4 -7
right_child=-2 2 3 -5 -6 6 -8
leaf_value=0.023060375965337415 -0.0072868696991055673 -0.14046933292568503 0.58879791633784773 0.72278831671584742 -0.25383203703623552 -0.11873234612601144 0.39887650953398812
leaf_count=1726 12353 77 30 44 26 35 27
internal_value=0 0.33277 1.34815 2.54532 1.24847 2.19909 0.888983
internal_count=14318 1965 239 162 118 92 62
shrinkage=0.12


Tree=16
num_leaves=8
num_cat=0
split_feature=0 0 2 1 8 8 1
split_gain=1409.11 1191.75 1061.07 799.494 561.5 535.22 465.435
threshold=5.5000000000000009 3.5000000000000004 7.5000000000000009 4.5000000000000009 18.760000228881839 43.094999313354499 4.5000000000000009
decision_type=2 2 2 2 2 2 2
left_child=1 -1 4 5 -3 -4 -2
right_child=6 2 3 -5 -6 -7 -8
leaf_value=0.012809461539483251 -0.026375836906915015 0.66994771889643745 0.27557638143238267 -0.14440927413003199 0.06696769810106494 0.67644557521434934 0.023862997407460534
leaf_count=655 9400 24 76 29 303 130 3701
internal_value=0 1.02338 2.09169 3.71255 0.926859 4.4046 -0.101529
internal_count=14318 1217 562 235 327 206 13101
shrinkage=0.12


Tree=17
num_leaves=8
num_cat=0
split_feature=0 0 2 1 8 8 8
split_gain=1091.22 922.891 821.694 619.128 434.825 414.475 390.067
threshold=5.5000000000000009 3.5000000000000004 7.5000000000000009 4.5000000000000009 18.760000228881839 43.094999313354499 64.014999389648452
decision_type=2 2 2 2 2 2 2
left_child=1 -1 4 5 -3 -4 -7
right_child=-2 2 3 -5 -6 6 -8
leaf_value=0.011272329871891109 -0.010721472659203085 0.58955399781465534 0.24250719845294952 -0.12708016375015521 0.058931566878120491 0.76772545710399542 0.34472662790766301
leaf_count=655 13101 24 76 29 303 77 53
internal_value=0 0.900572 1.84069 3.26704 0.815636 3.87605 4.9606
internal_count=14318 1217 562 235 327 206 130
shrinkage=0.12


Tree=18
num_leaves=8
num_cat=0
split_feature=0 0 1 2 8 1 0
split_gain=845.038 714.687 663.604 673.814 486.093 360.433 468.882
threshold=5.5000000000000009 3.5000000000000004 4.5000000000000009 7.5000000000000009 18.760000228881839 4.5000000000000009 12.500000000000002
decision_type=2 2 2 2 2 2 2
left_child=1 -1 3 4 -3 6 -2
right_child=5 2 -4 -5 -6 -7 -8
leaf_value=0.0099196518543567362 -0.055322839950718738 0.69490959906578065 -0.14853234997937378 0.40931073011703861 0.081394012968495216 0.022286014671290735 -0.0004177027146829388
leaf_count=655 3682 20 71 206 265 3701 5718
internal_value=0 0.792503 1.61981 2.03302 1.03706 -0.0786241 -0.182701
internal_count=14318 1217 562 491 285 13101 9400
shrinkage=0.12


Tree=19
num_leaves=8
num_cat=0
split_feature=0 0 1 2 8 8 8
split_gain=654.397 553.454 513.895 521.802 376.431 320.969 302.068
threshold=5.5000000000000009 3.5000000000000004 4.5000000000000009 7.5000000000000009 18.760000228881839 43.094999313354499 64.014999389648452
decision_type=2 2 2 2 2 2 2
left_child=1 -1 3 4 -3 -5 -7
right_child=-2 2 -4 5 -6 6 -8
leaf_value=0.0087292941734763499 -0.0083027082033163627 0.61152045536041266 -0.13070846325914623 0.16428905678422828 0.07162673139122297 0.62648110934666223 0.25424216819259354
leaf_count=655 13101 20 71 76 265 77 53
internal_value=0 0.697403 1.42543 1.78906 0.912617 3.00161 3.95602
internal_count=14318 1217 562 491 285 206 130
shrinkage=0.12


end of trees

feature importances:
Column_0=39
Column_8=36
Column_1=28
Column_2=25
Column_7=9
Column_3=3

parameters:
[boosting: gbdt]
[objective: regression]
[metric: rmse]
[tree_learner: serial]
[device_type: cpu]
[data: ]
[valid: ]
[num_iterations: 100]
[learning_rate: 0.12]
[num_leaves: 8]
[num_threads: 0]
[max_depth: -1]
[min_data_in_leaf: 20]
[min_sum_hessian_in_leaf: 0.001]
[bagging_fraction: 0.8]
[bagging_freq: 5]
[bagging_seed: 3]
[feature_fraction: 0.9]
[feature_fraction_seed: 2]
[early_stopping_round: 0]
[max_delta_step: 0]
[lambda_l1: 0]
[lambda_l2: 0]
[min_gain_to_split: 0]
[drop_rate: 0.1]
[max_drop: 50]
[skip_drop: 0.5]
[xgboost_dart_mode: 0]
[uniform_drop: 0]
[drop_seed: 4]
[top_rate: 0.2]
[other_rate: 0.1]
[min_data_per_group: 100]
[max_cat_threshold: 32]
[cat_l2: 10]
[cat_smooth: 10]
[max_cat_to_onehot: 4]
[top_k: 20]
[monotone_constraints: ]
[feature_contri: ]
[forcedsplits_filename: ]
[refit_decay_rate: 0.9]
[verbosity: 0]
[max_bin: 255]
[min_data_in_bin: 3]
[bin_construct_sample_cnt: 200000]
[histogram_pool_size: -1]
[data_random_seed: 1]
[output_model: LightGBM_model.txt]
[snapshot_freq: -1]
[input_model: ]
[output_result: LightGBM_predict_result.txt]
[initscore_filename: ]
[valid_data_initscores: ]
[pre_partition: 0]
[enable_bundle: 1]
[max_conflict_rate: 0]
[is_enable_sparse: 1]
[sparse_threshold: 0.8]
[use_missing: 1]
[zero_as_missing: 0]
[two_round: 0]
[save_binary: 0]
[enable_load_from_binary_file: 1]
[header: 0]
[label_column: ]
[weight_column: ]
[group_column: ]
[ignore_column: ]
[categorical_feature: ]
[predict_raw_score: 0]
[predict_leaf_index: 0]
[predict_contrib: 0]
[num_iteration_predict: -1]
[pred_early_stop: 0]
[pred_early_stop_freq: 10]
[pred_early_stop_margin: 10]
[convert_model_language: ]
[convert_model: gbdt_prediction.cpp]
[num_class: 1]
[is_unbalance: 0]
[scale_pos_weight: 1]
[sigmoid: 1]
[boost_from_average: 1]
[reg_sqrt: 0]
[alpha: 0.9]
[fair_c: 1]
[poisson_max_delta_step: 0.7]
[tweedie_variance_power: 1.5]
[max_position: 20]
[label_gain: ]
[metric_freq: 1]
[is_provide_training_metric: 0]
[eval_at: ]
[num_machines: 1]
[local_listen_port: 12400]
[time_out: 120]
[machine_list_filename: ]
[machines: ]
[gpu_platform_id: -1]
[gpu_device_id: -1]
[gpu_use_dp: 0]

end of parameters

pandas_categorical:null
