tree
version=v2
num_class=1
num_tree_per_iteration=1
label_index=0
max_feature_idx=8
objective=regression
feature_names=Column_0 Column_1 Column_2 Column_3 Column_4 Column_5 Column_6 Column_7 Column_8
feature_infos=[0:23] [0:6] [1:12] [0:2] none [0:1] [0:1] [0:1] [-8.4300003051757812:95.80999755859375]
tree_sizes=702 715 705 718 713 708 723 715 717 716 719 717 708 705 709 718 715 729 723 722

Tree=0
num_leaves=8
num_cat=0
split_feature=0 0 8 2 2 8 0
split_gain=24088.3 30251.4 3558.21 1594.06 1508.94 1382.83 1264.01
threshold=4.0000000000000009 1.0000000180025095e-35 40.085000991821296 11.500000000000002 11.500000000000002 49.694999694824226 18.500000000000004
decision_type=2 2 2 2 2 2 2
left_child=1 4 6 -4 -1 -3 -2
right_child=2 5 3 -5 -6 -7 -8
leaf_value=3.0889915347560963 3.1249819057061989 4.1329354470590882 3.0327173263360416 3.3909566303570657 3.7585390560303225 4.5221423079982781 3.266097043071448
leaf_count=714 2957 281 10376 182 52 247 1323
internal_value=0 4.13595 -0.362801 -0.674589 0.121671 9.9597 0.406325
internal_count=16132 1294 14838 10558 766 528 4280
shrinkage=1


Tree=1
num_leaves=8
num_cat=0
split_feature=0 0 1 8 0 0 1
split_gain=18654 23426.6 5626.68 2854.63 1336.04 1445.5 1303.91
threshold=4.0000000000000009 1.0000000180025095e-35 3.5000000000000004 34.875000000000007 19.500000000000004 20.500000000000004 4.5000000000000009
decision_type=2 2 2 2 2 2 2
left_child=1 -1 -3 -2 -5 6 -6
right_child=3 2 -4 4 5 -7 -8
leaf_value=0.012848454590877105 0.070298259174312622 1.4260585072118301 0.6417816607725052 -0.084416650985715158 0.26254349129074123 -0.04163702082516909 -0.11238272752899389
leaf_count=766 2822 276 252 9499 502 1833 182
internal_value=0 3.63964 8.76454 -0.319264 -0.531826 0.115953 1.35652
internal_count=16132 1294 528 14838 12016 2517 684
shrinkage=0.12


Tree=2
num_leaves=8
num_cat=0
split_feature=8 2 1 1 7 2 8
split_gain=2672.73 1522.22 2609.29 1027.33 834.455 575.085 700.479
threshold=43.43499946594239 11.500000000000002 4.5000000000000009 5.5000000000000009 0.91500002145767223 11.500000000000002 34.414999008178718
decision_type=2 2 2 2 2 2 2
left_child=3 -2 4 -1 -3 6 -5
right_child=1 2 -4 5 -6 -7 -8
leaf_value=0.046423562068080793 -0.040959583578670612 -0.06921421518692604 1.5062258338928221 0.27564489438142686 0.78298914296286448 0.4334655026562752 0.021329660253411199
leaf_count=4890 10371 78 24 317 21 124 307
internal_value=0 -0.299853 3.19739 0.553814 0.929635 1.64525 1.25438
internal_count=16132 10494 123 5638 99 748 624
shrinkage=0.12


Tree=3
num_leaves=8
num_cat=0
split_feature=0 0 1 2 2 2 7
split_gain=14372.8 18142.4 4388.77 2207.04 1750.76 1086.35 1005.34
threshold=4.0000000000000009 1.0000000180025095e-35 3.5000000000000004 2.5000000000000004 11.500000000000002 11.500000000000002 0.99500000476837169
decision_type=2 2 2 2 2 2 2
left_child=1 5 -3 -2 -5 -1 -6
right_child=3 2 -4 4 6 -7 -8
leaf_value=-0.02821580396479919 0.065553544239458972 1.2551817635543967 0.56253027373303965 -0.068473837092845255 0.080174199289795647 0.53989060686184809 0.83673660494960267
leaf_count=714 2654 276 252 11229 929 52 26
internal_value=0 3.19498 7.70498 -0.280067 -0.460068 0.0862514 0.839764
internal_count=16132 1294 528 14838 12184 766 955
shrinkage=0.12


Tree=4
num_leaves=8
num_cat=0
split_feature=8 7 8 1 8 8 2
split_gain=1766.37 679.644 656.78 481.524 470.514 590.495 464.96
threshold=32.555000305175788 0.62500000000000011 66.985000610351577 5.5000000000000009 17.755000114440922 29.32499980926514 11.500000000000002
decision_type=2 2 2 2 2 2 2
left_child=1 3 6 -1 -5 -6 -2
right_child=2 -3 -4 4 5 -7 -8
leaf_value=0.066559479792522677 -0.0051514329543436389 0.74235117331795064 -0.053961073509327433 -0.051787722110748287 0.47303207140360304 0.1006008993893598 0.10947855640931321
leaf_count=2139 8509 23 4603 69 134 113 542
internal_value=0 0.775577 -0.142131 0.724887 1.87713 2.52207 0.0142745
internal_count=16132 2478 13654 2455 316 247 9051
shrinkage=0.12


Tree=5
num_leaves=8
num_cat=0
split_feature=0 0 1 1 0 8 8
split_gain=9765.47 14222.5 3496.15 1777.84 1642.9 1374.32 1576.93
threshold=4.0000000000000009 1.0000000180025095e-35 1.5000000000000002 1.0000000180025095e-35 19.500000000000004 48.145000457763679 53.745000839233406
decision_type=2 2 2 2 2 2 2
left_child=1 -1 3 -3 -2 -4 -7
right_child=4 2 5 -5 -6 6 -8
leaf_value=-0.01893114542451815 -0.051552584552782318 0.77770705025370523 0.41628742933711582 1.7781550760128919 0.045611992378896307 1.6155256243185563 0.71116210116147993
leaf_count=749 11671 41 204 68 3191 33 175
internal_value=0 2.63326 6.6457 11.682 -0.255754 5.31328 7.12202
internal_count=16132 1270 521 109 14862 412 208
shrinkage=0.12


Tree=6
num_leaves=8
num_cat=0
split_feature=0 0 2 2 8 7 0
split_gain=7562.38 11013.9 1533.17 1569.96 1113.96 939.194 917.266
threshold=4.0000000000000009 1.0000000180025095e-35 2.5000000000000004 11.500000000000002 49.694999694824226 0.9350000023841859 19.500000000000004
decision_type=2 2 2 2 2 2 2
left_child=1 -1 -2 6 -3 -5 -4
right_child=2 4 3 5 -6 -7 -8
leaf_value=-0.016659408107459622 0.056460233315751292 0.53325303063621377 -0.075067735963372254 0.080475094837818867 0.88447459142088891 0.75184350082951201 0.0087840917135570441
leaf_count=749 2612 271 8903 935 250 31 2381
internal_value=0 2.31727 -0.225064 -0.373375 5.84821 0.850167 -0.47812
internal_count=16132 1270 14862 12250 521 966 11284
shrinkage=0.12


Tree=7
num_leaves=8
num_cat=0
split_feature=0 0 1 1 2 2 1
split_gain=5856.31 8529.15 2696.82 1383.53 1187.29 1215.78 896.95
threshold=4.0000000000000009 1.0000000180025095e-35 1.5000000000000002 1.0000000180025095e-35 2.5000000000000004 11.500000000000002 4.5000000000000009
decision_type=2 2 2 2 2 2 2
left_child=1 -1 3 -3 -2 -6 -4
right_child=4 2 6 -5 5 -7 -8
leaf_value=-0.014660278463833162 0.049685005300191966 0.59777661931950865 0.62332483907621727 1.4803326289268102 -0.050489503160919311 0.089777638963336889 0.26268589675426485
leaf_count=749 2612 41 245 68 11284 966 167
internal_value=0 2.0392 5.14643 9.56968 -0.198056 -0.32857 3.9762
internal_count=16132 1270 521 109 14862 12250 412
shrinkage=0.12


Tree=8
num_leaves=8
num_cat=0
split_feature=0 0 1 0 1 1 1
split_gain=4535.13 6604.97 2088.41 1112.71 1096.83 1071.41 694.598
threshold=4.0000000000000009 1.0000000180025095e-35 1.5000000000000002 18.500000000000004 4.5000000000000009 1.0000000180025095e-35 4.5000000000000009
decision_type=2 2 2 2 2 2 2
left_child=1 -1 5 4 -2 -3 -4
right_child=3 2 6 -5 -6 -7 -8
leaf_value=-0.012901043006590753 -0.064394272238902928 0.52604340669585437 0.54852587359778726 0.033036069573529891 0.021085562149686966 1.3026927206270835 0.2311635952795337
leaf_count=749 7864 41 245 4017 2981 68 167
internal_value=0 1.7945 4.52886 -0.174289 -0.340818 8.42132 3.49905
internal_count=16132 1270 521 14862 10845 109 412
shrinkage=0.12


Tree=9
num_leaves=8
num_cat=0
split_feature=0 0 8 8 8 0 0
split_gain=3512 5114.89 930.741 856.536 842.699 630.732 864.239
threshold=4.0000000000000009 1.0000000180025095e-35 32.555000305175788 49.18499946594239 61.344999313354499 19.500000000000004 20.500000000000004
decision_type=2 2 2 2 2 2 2
left_child=1 -1 -2 -3 -5 -4 -7
right_child=2 3 5 4 -6 6 -8
leaf_value=-0.011352915711730758 0.053715854664702127 0.3275987324141022 -0.044584419435799036 0.88386025314395489 0.44386812175313634 0.1361166215765065 -0.019925448897453468
leaf_count=749 2196 266 10046 111 144 696 1924
internal_value=0 1.57916 -0.153375 3.98539 5.29495 -0.257576 0.179391
internal_count=16132 1270 14862 521 255 12666 2620
shrinkage=0.12


Tree=10
num_leaves=8
num_cat=0
split_feature=0 0 0 1 0 0 2
split_gain=3739.69 1977.81 3167.47 1518.71 816.251 876.356 692.233
threshold=6.5000000000000009 1.0000000180025095e-35 1.5000000000000002 4.5000000000000009 18.500000000000004 20.500000000000004 9.5000000000000018
decision_type=2 2 2 2 2 2 2
left_child=1 -1 3 6 -2 -6 -3
right_child=4 2 -4 -5 5 -7 -8
leaf_value=0.0013723212811953918 -0.035114110570427369 0.69662018069997433 0.096633854791008195 0.17361461566554173 0.095067970175429103 -0.018032684734301588 0.25748894850413007
leaf_count=761 9976 288 812 162 1680 2390 63
internal_value=0 1.29628 2.03422 3.97943 -0.138641 0.238772 5.14835
internal_count=16132 2086 1325 513 14046 4070 351
shrinkage=0.12


Tree=11
num_leaves=8
num_cat=0
split_feature=0 0 0 1 8 2 2
split_gain=2896.01 1531.62 2452.89 1176.09 864.679 806.68 915.931
threshold=6.5000000000000009 1.0000000180025095e-35 1.5000000000000002 4.5000000000000009 12.75999975204468 11.500000000000002 2.5000000000000004
decision_type=2 2 2 2 2 2 2
left_child=1 -1 3 -3 -4 6 -2
right_child=5 2 4 -5 -6 -7 -8
leaf_value=0.0012076421444268796 0.043383084174245599 0.54366554655560539 0.79459621965885163 0.15278086123643098 0.063426874139852027 0.093481806642335741 -0.03759932211005626
leaf_count=761 2480 351 24 162 788 928 10638
internal_value=0 1.14073 1.79011 3.5019 0.708648 -0.122004 -0.185744
internal_count=16132 2086 1325 513 812 14046 13118
shrinkage=0.12


Tree=12
num_leaves=8
num_cat=0
split_feature=8 2 1 7 1 2 8
split_gain=706.174 527.928 1412.37 598.875 473.387 644.258 1470.57
threshold=42.754999160766609 11.500000000000002 4.5000000000000009 0.83499997854232799 5.5000000000000009 11.500000000000002 39.135000228881843
decision_type=2 2 2 2 2 2 2
left_child=4 -2 3 -3 -1 -6 -7
right_child=1 2 -4 -5 5 6 -8
leaf_value=0.025578024229551962 -0.016570063928771309 -0.12299469479492732 0.96455130371554132 0.60765878489613534 0.076491723001189532 0.20005853136402688 1.3171450867652892
leaf_count=4718 10549 84 29 20 600 112 20
internal_value=0 -0.113122 1.86677 0.145963 0.329238 1.07746 3.07762
internal_count=16132 10682 133 104 5450 732 132
shrinkage=0.12


Tree=13
num_leaves=8
num_cat=0
split_feature=8 7 1 2 8 2 8
split_gain=604.069 856.556 415.02 461.28 482.298 448.847 637.76
threshold=32.774999618530281 0.67500001192092907 4.5000000000000009 2.5000000000000004 16.425000190734867 11.500000000000002 22.384999275207523
decision_type=2 2 2 2 2 2 2
left_child=1 2 -1 -4 -5 -6 -7
right_child=-2 -3 3 4 5 6 -8
leaf_value=0.020908582533278701 -0.0062913473470663402 0.80264734154397788 0.22791386895455051 -0.28993450193000692 -0.036414704024791716 0.86570560966219223 0.14455553512315492
leaf_count=1854 13554 22 346 56 168 21 111
internal_value=0 0.475667 0.42219 1.07704 0.27789 0.780773 2.1607
internal_count=16132 2578 2556 702 356 300 132
shrinkage=0.12


Tree=14
num_leaves=8
num_cat=0
split_feature=0 0 0 1 8 8 8
split_gain=2196.83 1188.58 1898.17 939.862 681.112 1045.81 666.329
threshold=6.5000000000000009 1.0000000180025095e-35 1.5000000000000002 4.5000000000000009 51.264999389648445 62.594999313354499 12.75999975204468
decision_type=2 2 2 2 2 2 2
left_child=1 -1 3 -3 -5 -6 -4
right_child=-2 2 6 4 5 -7 -8
leaf_value=-0.0012387262353289298 -0.013689878690201711 0.47797899462218973 0.69565110549330711 -0.07547005273401737 0.86136085922519368 -0.097967786312103275 0.053799001374447403
leaf_count=761 14046 351 24 96 36 30 788
internal_value=0 0.985706 1.55777 3.0636 1.07124 3.54419 0.606417
internal_count=16132 2086 1325 513 162 66 812
shrinkage=0.12


Tree=15
num_leaves=8
num_cat=0
split_feature=2 1 8 2 1 8 7
split_gain=596.381 510.567 515.285 439.311 741.158 2017.57 911.757
threshold=2.5000000000000004 3.5000000000000004 47.305000305175788 11.500000000000002 4.5000000000000009 46.045000076293952 0.32500000298023229
decision_type=2 2 2 2 2 2 2
left_child=1 -1 -3 -2 -5 6 -6
right_child=3 2 -4 4 5 -7 -8
leaf_value=0.0046749969526790787 -0.020598487213478435 0.1354082003232214 -0.12162452238656225 -0.00016933800850776917 0.061164490581048947 1.2815657084435224 0.90617917200922959
leaf_count=1737 12211 1034 126 752 228 24 20
internal_value=0 0.382027 0.895743 -0.118895 0.510248 1.92484 1.07759
internal_count=16132 2897 1160 13235 1024 272 248
shrinkage=0.12


Tree=16
num_leaves=8
num_cat=0
split_feature=0 0 0 0 1 8 8
split_gain=1045.58 907.605 492.798 1160.64 1142.83 619.852 565.603
threshold=7.5000000000000009 18.500000000000004 1.0000000180025095e-35 1.5000000000000002 1.5000000000000002 57.335000991821296 48.145000457763679
decision_type=2 2 2 2 2 2 2
left_child=2 -2 -1 4 5 -4 -6
right_child=1 -3 3 -5 6 -7 -8
leaf_value=-0.020170431708007641 -0.038312558883266769 0.029647264011700827 0.35601999537924589 0.041836865261922609 0.017131730308159818 0.95507258991862454 0.29770620604332593
leaf_count=764 9154 4096 59 1602 203 43 211
internal_value=0 -0.1442 0.520413 0.768767 2.07311 5.07135 1.33442
internal_count=16132 13250 2882 2118 516 102 414
shrinkage=0.12


Tree=17
num_leaves=8
num_cat=0
split_feature=0 0 0 3 1 0 0
split_gain=809.7 702.849 477.45 514.233 456.98 718.888 580.615
threshold=7.5000000000000009 18.500000000000004 22.500000000000004 1.0000000180025095e-35 4.5000000000000009 13.500000000000002 10.500000000000002
decision_type=2 2 2 2 2 2 2
left_child=-1 4 -3 -4 5 -2 -6
right_child=1 2 3 -5 6 -7 -8
leaf_value=0.054955572912121789 -0.0864338737994267 0.046258352093595176 -0.011233311430100472 -0.25904002595592185 0.10478823363912844 -0.0072145119775423516 -0.025213424112953124
leaf_count=2882 3605 3297 651 148 678 3041 1830
internal_value=0 -0.126896 0.217413 -0.476124 -0.280959 -0.418213 0.0827547
internal_count=16132 13250 4096 799 9154 6646 2508
shrinkage=0.12


Tree=18
num_leaves=8
num_cat=0
split_feature=0 8 2 7 1 2 7
split_gain=628.365 594.035 570.984 497.511 414.823 384.586 390.25
threshold=6.5000000000000009 10.449999809265138 2.5000000000000004 0.97500002384185802 2.5000000000000004 9.5000000000000018 0.7150000035762788
decision_type=2 2 2 2 2 2 2
left_child=1 -1 4 -3 -2 -4 -7
right_child=2 3 5 -5 -6 6 -8
leaf_value=0.58044025828761436 -0.01193327513656446 0.041882988815216737 -0.035077593499877983 0.42509677661061285 0.08555645981977382 0.0039213458072899134 0.18048615597879761
leaf_count=31 1176 2007 8779 50 1350 2545 194
internal_value=0 0.492128 -0.0958205 0.426649 0.334744 -0.190247 0.136893
internal_count=16132 2088 14044 2057 2526 11518 2739
shrinkage=0.12


Tree=19
num_leaves=8
num_cat=0
split_feature=0 0 3 0 1 1 2
split_gain=508.96 543.008 410.121 373.607 628.291 549.973 798.308
threshold=7.5000000000000009 18.500000000000004 1.0000000180025095e-35 21.500000000000004 4.5000000000000009 5.5000000000000009 10.500000000000002
decision_type=2 2 2 2 2 2 2
left_child=2 -2 -1 4 -3 -5 -7
right_child=1 3 -4 5 -6 6 -8
leaf_value=0.052378703311174203 -0.028273176630312463 0.090484057652268232 -0.19033907049550461 -0.050340708958693837 -0.0431984686872698 0.068796329631734238 0.76374699486626507
leaf_count=2778 9154 1809 104 1356 703 201 27
internal_value=0 -0.100194 0.3635 0.202442 0.442268 -0.177887 1.25911
internal_count=16132 13250 2882 4096 2512 1584 228
shrinkage=0.12


end of trees

feature importances:
Column_0=48
Column_8=29
Column_1=28
Column_2=24
Column_7=9
Column_3=2

parameters:
[boosting: gbdt]
[objective: regression]
[metric: rmse]
[tree_learner: serial]
[device_type: cpu]
[data: ]
[valid: ]
[num_iterations: 100]
[learning_rate: 0.12]
[num_leaves: 8]
[num_threads: 0]
[max_depth: -1]
[min_data_in_leaf: 20]
[min_sum_hessian_in_leaf: 0.001]
[bagging_fraction: 0.8]
[bagging_freq: 5]
[bagging_seed: 3]
[feature_fraction: 0.9]
[feature_fraction_seed: 2]
[early_stopping_round: 0]
[max_delta_step: 0]
[lambda_l1: 0]
[lambda_l2: 0]
[min_gain_to_split: 0]
[drop_rate: 0.1]
[max_drop: 50]
[skip_drop: 0.5]
[xgboost_dart_mode: 0]
[uniform_drop: 0]
[drop_seed: 4]
[top_rate: 0.2]
[other_rate: 0.1]
[min_data_per_group: 100]
[max_cat_threshold: 32]
[cat_l2: 10]
[cat_smooth: 10]
[max_cat_to_onehot: 4]
[top_k: 20]
[monotone_constraints: ]
[feature_contri: ]
[forcedsplits_filename: ]
[refit_decay_rate: 0.9]
[verbosity: 0]
[max_bin: 255]
[min_data_in_bin: 3]
[bin_construct_sample_cnt: 200000]
[histogram_pool_size: -1]
[data_random_seed: 1]
[output_model: LightGBM_model.txt]
[snapshot_freq: -1]
[input_model: ]
[output_result: LightGBM_predict_result.txt]
[initscore_filename: ]
[valid_data_initscores: ]
[pre_partition: 0]
[enable_bundle: 1]
[max_conflict_rate: 0]
[is_enable_sparse: 1]
[sparse_threshold: 0.8]
[use_missing: 1]
[zero_as_missing: 0]
[two_round: 0]
[save_binary: 0]
[enable_load_from_binary_file: 1]
[header: 0]
[label_column: ]
[weight_column: ]
[group_column: ]
[ignore_column: ]
[categorical_feature: ]
[predict_raw_score: 0]
[predict_leaf_index: 0]
[predict_contrib: 0]
[num_iteration_predict: -1]
[pred_early_stop: 0]
[pred_early_stop_freq: 10]
[pred_early_stop_margin: 10]
[convert_model_language: ]
[convert_model: gbdt_prediction.cpp]
[num_class: 1]
[is_unbalance: 0]
[scale_pos_weight: 1]
[sigmoid: 1]
[boost_from_average: 1]
[reg_sqrt: 0]
[alpha: 0.9]
[fair_c: 1]
[poisson_max_delta_step: 0.7]
[tweedie_variance_power: 1.5]
[max_position: 20]
[label_gain: ]
[metric_freq: 1]
[is_provide_training_metric: 0]
[eval_at: ]
[num_machines: 1]
[local_listen_port: 12400]
[time_out: 120]
[machine_list_filename: ]
[machines: ]
[gpu_platform_id: -1]
[gpu_device_id: -1]
[gpu_use_dp: 0]

end of parameters

pandas_categorical:null
