tree
version=v2
num_class=1
num_tree_per_iteration=1
label_index=0
max_feature_idx=8
objective=regression
feature_names=Column_0 Column_1 Column_2 Column_3 Column_4 Column_5 Column_6 Column_7 Column_8
feature_infos=[0:23] [0:6] [1:12] [0:2] none [0:1] [0:1] [0:1] [-4.7199997901916504:95.889999389648438]
tree_sizes=698 714 705 712 704 711 709 720 710 709 719 699 712 730 704 720 716 707 719 706

Tree=0
num_leaves=8
num_cat=0
split_feature=0 0 8 2 7 8 0
split_gain=18166.5 10371.8 5484.59 4222.12 2452.59 2156.94 2041.14
threshold=6.5000000000000009 1.0000000180025095e-35 73.194999694824233 11.500000000000002 0.62500000000000011 66.375000000000014 7.5000000000000009
decision_type=2 2 2 2 2 2 2
left_child=1 -1 3 6 -5 -3 -2
right_child=2 5 -4 4 -6 -7 -8
leaf_value=9.0831728093071451 9.1338633495743409 9.8031026618464914 9.1525737368736788 9.1519360305454498 10.058091284428343 10.475168276119968 8.8859197238703622
leaf_count=384 515 401 2025 662 46 83 6675
internal_value=0 4.33674 -0.433986 -0.810434 1.51956 7.41575 -1.03987
internal_count=10791 868 9923 7898 708 484 7190
shrinkage=1


Tree=1
num_leaves=8
num_cat=0
split_feature=0 0 8 2 1 7 0
split_gain=14068.1 8031.94 4247.27 3269.61 1970.8 1899.29 1671.67
threshold=6.5000000000000009 1.0000000180025095e-35 73.194999694824233 11.500000000000002 4.5000000000000009 0.62500000000000011 12.500000000000002
decision_type=2 2 2 2 2 2 2
left_child=1 -1 3 6 -3 -5 -2
right_child=2 4 -4 5 -6 -7 -8
leaf_value=0.04814425672870129 -0.035238163582291274 0.91519857287886308 0.10921708364310087 0.10865591103036597 0.33921580818859309 0.90607250877048651 -0.15470608112745904
leaf_count=384 2702 373 2025 662 111 46 4488
internal_value=0 3.81633 -0.381908 -0.713181 6.52586 1.33721 -0.915084
internal_count=10791 868 9923 7898 484 708 7190
shrinkage=0.12


Tree=2
num_leaves=8
num_cat=0
split_feature=8 2 8 8 8 8 7
split_gain=2270.82 2324.15 1720.39 1286.12 786.27 718.535 580.915
threshold=73.194999694824233 11.500000000000002 14.885000228881838 54.004999160766609 86.83499908447267 7.5249998569488534 0.99500000476837169
decision_type=2 2 2 2 2 2 2
left_child=1 5 -3 -4 -2 -1 -7
right_child=4 2 3 -5 -6 6 -8
leaf_value=0.53542150068283079 0.079658757868175833 -0.53559679011081129 0.1866370418740067 1.1625599786639214 0.29925175820456607 -0.058238360143523245 0.1474105046359189
leaf_count=30 1801 47 701 20 270 7719 203
internal_value=0 -0.262466 1.39877 1.7809 0.902396 -0.422907 -0.441405
internal_count=10791 8720 768 721 2071 7952 7922
shrinkage=0.12


Tree=3
num_leaves=8
num_cat=0
split_feature=0 0 8 0 2 2 8
split_gain=11044.1 6214.32 2795.87 1889.88 1772.06 1757.64 1307.34
threshold=6.5000000000000009 1.0000000180025095e-35 78.255001068115249 7.5000000000000009 4.5000000000000009 11.500000000000002 16.744999885559086
decision_type=2 2 2 2 2 2 2
left_child=1 -1 3 -2 -3 -5 -7
right_child=2 4 -4 5 -6 6 -8
leaf_value=0.045881810775026677 0.14569144713816651 0.35940925646859867 0.12815470233021012 -0.09580071583954089 0.850705510585955 -0.52427234961227942 0.15261276525575757
leaf_count=384 577 156 1245 7436 328 44 621
internal_value=0 3.38631 -0.333445 -0.534499 5.76962 -0.659044 0.898553
internal_count=10791 868 9923 8678 484 8101 665
shrinkage=0.12


Tree=4
num_leaves=8
num_cat=0
split_feature=8 2 7 8 8 8 8
split_gain=1525.42 1440.25 1162.51 1038.35 943.637 550.273 545.077
threshold=73.194999694824233 11.500000000000002 0.62500000000000011 50.245000839233406 14.885000228881838 7.5249998569488534 86.83499908447267
decision_type=2 2 2 2 2 2 2
left_child=1 5 4 -4 -3 -1 -2
right_child=6 2 3 -5 -6 -7 -8
leaf_value=0.47220715737342833 0.065127047107062158 -0.42664298469398881 0.23142296433448792 1.363509885907173 0.12950902241477286 -0.042701634205934209 0.24796299313174355
leaf_count=30 1801 47 28 20 673 7922 270
internal_value=0 -0.213359 1.09437 5.85938 0.776705 -0.339659 0.741364
internal_count=10791 8720 768 48 720 7952 2071
shrinkage=0.12


Tree=5
num_leaves=8
num_cat=0
split_feature=0 0 8 2 0 0 0
split_gain=8259.12 2582.44 2328.75 1669.16 1413.72 1278.13 1197.01
threshold=6.5000000000000009 1.0000000180025095e-35 72.774997711181655 5.5000000000000009 8.5000000000000018 16.500000000000004 5.5000000000000009
decision_type=2 2 2 2 2 2 2
left_child=1 -1 5 -3 -4 -2 -5
right_child=2 3 4 6 -6 -7 -8
leaf_value=0.11535167741024588 -0.020872615652509256 0.28750979025213591 0.60283599376678465 1.2116978888265018 0.061756555269440655 -0.11934602551041076 0.59859501396956505
leaf_count=381 4545 226 72 58 2031 3259 219
internal_value=0 2.92512 -0.26495 4.41266 0.669012 -0.516631 6.05809
internal_count=10791 884 9907 503 2103 7804 277
shrinkage=0.12


Tree=6
num_leaves=8
num_cat=0
split_feature=0 8 2 8 8 0 0
split_gain=6699.61 1852.15 1403.08 1312.5 878.952 915.418 1639.88
threshold=7.5000000000000009 78.255001068115249 7.5000000000000009 88.985000610351577 72.990001678466811 6.5000000000000009 1.0000000180025095e-35
decision_type=2 2 2 2 2 2 2
left_child=4 -2 -3 -4 5 6 -1
right_child=1 2 3 -5 -6 -7 -8
leaf_value=0.10235240357881151 -0.058660065324314142 0.0042823223459302106 0.20331145762205879 0.90152534642971527 0.65030074208555078 0.097787167335245145 0.44185272980209184
leaf_count=358 8098 794 394 43 71 554 479
internal_value=0 -0.315109 0.827718 2.26679 1.9872 1.81203 2.47202
internal_count=10791 9329 1231 437 1462 1391 837
shrinkage=0.12


Tree=7
num_leaves=8
num_cat=0
split_feature=0 1 8 2 2 2 7
split_gain=5188.18 1654.39 1513.47 974.878 784.245 1350.13 755.945
threshold=7.5000000000000009 5.5000000000000009 72.774997711181655 11.500000000000002 2.5000000000000004 1.5000000000000002 0.98500001430511486
decision_type=2 2 2 2 2 2 2
left_child=1 6 3 4 5 -2 -1
right_child=2 -3 -4 -5 -6 -7 -8
leaf_value=0.24123741397626688 -0.088405919138392713 -0.13520810734480618 0.056983701359066691 0.081178052118636435 -0.094988335279558744 0.14782506771294968 0.79162019017580398
leaf_count=1249 884 176 2079 649 5142 575 37
internal_value=0 1.74874 -0.277296 -0.492985 -0.607965 0.0391169 2.14227
internal_count=10791 1462 9329 7250 6601 1459 1286
shrinkage=0.12


Tree=8
num_leaves=8
num_cat=0
split_feature=0 0 2 0 1 1 0
split_gain=4021.67 1564.73 1278.25 1245.88 1166.71 1063.79 1493.23
threshold=6.5000000000000009 1.0000000180025095e-35 5.5000000000000009 16.500000000000004 1.0000000180025095e-35 3.5000000000000004 5.5000000000000009
decision_type=2 2 2 2 2 2 2
left_child=1 -1 4 -2 -3 6 -4
right_child=3 2 5 -5 -6 -7 -8
leaf_value=0.061507394112001249 0.013362988455194246 -0.5247947052717209 1.4175421291428643 -0.073130412268216941 0.27878262363374234 0.26027059385709672 0.55567093187705019
leaf_count=381 5836 30 37 4071 196 107 133
internal_value=0 2.04123 3.19914 -0.184825 1.43428 4.63906 6.19379
internal_count=10791 884 503 9907 226 277 170
shrinkage=0.12


Tree=9
num_leaves=8
num_cat=0
split_feature=0 8 2 8 2 7 8
split_gain=3256.46 1167.67 1084.11 1013.68 674.707 673.093 696.735
threshold=7.5000000000000009 78.255001068115249 7.5000000000000009 88.985000610351577 11.500000000000002 0.98500001430511486 72.990001678466811
decision_type=2 2 2 2 2 2 2
left_child=5 4 -3 -4 -2 6 -1
right_child=1 2 3 -5 -6 -7 -8
leaf_value=0.13315944559209877 -0.053133298317319291 -0.0010129812509947519 0.17394978887387338 0.78755582279937209 0.07443901399801986 0.64560706824791136 0.51882957166349375
leaf_count=1350 7449 794 394 43 649 41 71
internal_value=0 -0.21964 0.687766 1.95273 -0.357577 1.3855 1.27024
internal_count=10791 9329 1231 437 8098 1462 1421
shrinkage=0.12


Tree=10
num_leaves=8
num_cat=0
split_feature=0 1 0 0 1 2 2
split_gain=3521.17 1360.83 1525.04 1644.85 799.995 749.137 1961.7
threshold=7.5000000000000009 4.5000000000000009 3.0000000000000004 6.5000000000000009 1.0000000180025095e-35 7.5000000000000009 8.5000000000000018
decision_type=2 2 2 2 2 2 2
left_child=1 2 4 -4 -1 -2 -7
right_child=5 -3 3 -5 -6 6 -8
leaf_value=-0.45435753913635901 -0.057031465884923083 -0.019975118569180935 0.50291761003918456 0.15523273812424865 0.090191062249775439 0.17341369915201049 -0.037687287534538066
leaf_count=47 5883 395 385 399 224 836 2622
internal_value=0 1.41678 2.00955 2.71642 -0.0354246 -0.258144 0.111234
internal_count=10791 1450 1055 784 271 9341 3458
shrinkage=0.12


Tree=11
num_leaves=8
num_cat=0
split_feature=0 1 0 0 8 2 8
split_gain=2726.8 1053.83 1180.99 1273.77 1110.6 911.83 846.681
threshold=7.5000000000000009 4.5000000000000009 3.0000000000000004 6.5000000000000009 66.375000000000014 7.5000000000000009 86.165000915527358
decision_type=2 2 2 2 2 2 2
left_child=1 2 -1 4 -4 -6 -2
right_child=6 -3 3 -5 5 -7 -8
leaf_value=-0.0037408355615235781 -0.03394235249674335 -0.017578104456768759 0.34817149289586941 0.13660480968710173 0.5368824700798307 1.441117594242096 0.16806473546815151
leaf_count=271 9032 395 317 399 42 26 309
internal_value=0 1.24676 1.7684 2.39045 3.68806 7.35516 -0.227166
internal_count=10791 1450 1055 784 385 68 9341
shrinkage=0.12


Tree=12
num_leaves=8
num_cat=0
split_feature=7 8 8 8 2 8 1
split_gain=622.098 669.533 707.347 620.033 723.029 828.964 1747.36
threshold=0.99500000476837169 44.725000381469734 37.764999389648445 66.375000000000014 11.500000000000002 38.625000000000007 4.5000000000000009
decision_type=2 2 2 2 2 2 2
left_child=3 2 -2 4 -1 -6 -7
right_child=1 -3 -4 -5 5 6 -8
leaf_value=-0.040371920139531857 -0.01417278594440884 0.04691992959555457 0.74803962650299072 0.034788687239679976 0.0076556852377276325 0.072382945766051615 0.86235693537763192
leaf_count=6411 27 153 50 3409 541 144 56
internal_value=0 1.60138 4.00642 -0.0610524 -0.228337 0.706892 2.44646
internal_count=10791 230 77 10561 7152 741 200
shrinkage=0.12


Tree=13
num_leaves=8
num_cat=0
split_feature=2 6 2 3 8 8 2
split_gain=484.264 719.763 671.717 1145.8 1131.32 1021.18 630.415
threshold=6.5000000000000009 1.0000000180025095e-35 8.5000000000000018 1.0000000180025095e-35 66.375000000000014 68.725002288818374 2.5000000000000004
decision_type=2 2 2 2 2 2 2
left_child=6 2 4 -4 -2 -6 -1
right_child=1 -3 3 -5 5 -7 -8
leaf_value=0.035651609761358831 -0.17249846810320416 0.61008601201325652 -0.0005187153535683044 -0.37029653915337152 0.41074241730074085 0.078164759287675176 -0.052496162675682509
leaf_count=1647 241 30 2851 126 144 1732 4020
internal_value=0 0.200238 0.171476 -0.134745 0.602095 0.864109 -0.223981
internal_count=10791 5124 5094 2977 2117 1876 5667
shrinkage=0.12


Tree=14
num_leaves=8
num_cat=0
split_feature=0 1 0 0 8 8 2
split_gain=2156.26 825.733 919.171 978.405 779.728 764.348 706.758
threshold=7.5000000000000009 4.5000000000000009 3.0000000000000004 6.5000000000000009 48.495000839233406 66.375000000000014 7.5000000000000009
decision_type=2 2 2 2 2 2 2
left_child=1 2 -1 5 -3 -4 -7
right_child=-2 4 3 -5 -6 6 -8
leaf_value=-0.0013356479375564744 -0.023515064157154732 -0.18583974835491671 0.31319151709132387 0.12334981091936729 0.15141069277008967 0.45218286769730703 1.2482684531549992
leaf_count=271 9341 194 317 399 201 42 26
internal_value=0 1.11473 1.57648 2.12527 -0.118552 3.26252 6.30474
internal_count=10791 1450 1055 784 395 385 68
shrinkage=0.12


Tree=15
num_leaves=8
num_cat=0
split_feature=7 2 8 7 8 2 2
split_gain=853.671 669.735 924.039 798.034 628.464 641.845 1442.51
threshold=0.99500000476837169 11.500000000000002 14.885000228881838 0.94499999284744274 72.325000762939467 2.5000000000000004 1.5000000000000002
decision_type=2 2 2 2 2 2 2
left_child=1 3 -3 4 5 6 -1
right_child=-2 2 -4 -5 -6 -7 -8
leaf_value=-0.04104774135809678 0.23479482078700639 -0.43670053874574055 0.14957056466994609 -0.34087196970697148 0.057592998730187146 -0.033587971347903194 0.18910356865786923
leaf_count=975 241 41 694 99 2223 5862 656
internal_value=0 0.0531737 0.973892 -0.0157747 0.0130086 -0.12552 0.42934
internal_count=10791 10550 735 9815 9716 7493 1631
shrinkage=0.12


Tree=16
num_leaves=8
num_cat=0
split_feature=0 1 0 0 0 8 0
split_gain=1159.16 1157.16 1229.7 1228.15 1465.5 1281.67 915.869
threshold=12.500000000000002 4.5000000000000009 7.5000000000000009 7.5000000000000009 3.0000000000000004 81.454998016357436 11.500000000000002
decision_type=2 2 2 2 2 2 2
left_child=1 3 -3 4 -1 -5 -4
right_child=-2 2 6 5 -6 -7 -8
leaf_value=-0.11432353064251655 -0.022098999500436128 -0.0026420799941669032 0.33743618074384402 -0.051689421440600881 0.20960420373055985 0.34861349251915191 0.0059583033938561715
leaf_count=269 6460 397 532 2059 797 122 155
internal_value=0 0.484481 1.37908 0.185822 1.06552 -0.244145 2.18874
internal_count=10791 4331 1084 3247 1066 2181 687
shrinkage=0.12


Tree=17
num_leaves=8
num_cat=0
split_feature=0 1 0 0 0 2 0
split_gain=897.653 896.101 980.546 1048.71 1591.44 1304.6 951.081
threshold=12.500000000000002 4.5000000000000009 8.5000000000000018 10.500000000000002 9.5000000000000018 3.5000000000000004 7.5000000000000009
decision_type=2 2 2 2 2 2 2
left_child=1 6 -3 4 -4 -6 -1
right_child=-2 2 3 -5 5 -7 -8
leaf_value=0.11251907757016888 -0.019447116738144921 0.035433751518855541 0.21648696799268269 0.086264245083332067 0.017514792152426458 1.0733737917244435 -0.025781725481603464
leaf_count=1066 6460 561 179 250 22 72 2181
internal_value=0 0.426343 1.21359 2.19862 3.55371 6.88548 0.163524
internal_count=10791 4331 1084 523 273 94 3247
shrinkage=0.12


Tree=18
num_leaves=8
num_cat=0
split_feature=2 8 7 2 2 0 8
split_gain=765.479 864.049 766.319 707.426 1133.57 958.275 795.154
threshold=7.5000000000000009 80.594997406005874 0.99500000476837169 2.5000000000000004 1.5000000000000002 12.500000000000002 54.524999618530281
decision_type=2 2 2 2 2 2 2
left_child=3 2 -2 4 6 -5 -1
right_child=1 -3 -4 5 -6 -7 -8
leaf_value=-0.047334472585942353 0.022512097387826141 0.23095861416257429 0.33994571654933742 0.022795084174781766 0.16961383517075629 -0.082697814613700349 0.68224121193994181
leaf_count=969 3549 345 113 2119 685 2989 22
internal_value=0 0.411759 0.269227 -0.139487 0.424263 -0.32446 -0.259484
internal_count=10791 4007 3662 6784 1676 5108 991
shrinkage=0.12


Tree=19
num_leaves=8
num_cat=0
split_feature=0 8 0 0 2 8 8
split_gain=626.044 1042.35 631.313 578.979 514.348 603.423 425.297
threshold=16.500000000000004 80.594997406005874 9.5000000000000018 21.500000000000004 7.5000000000000009 83.479999542236342 79.354999542236342
decision_type=2 2 2 2 2 2 2
left_child=1 6 -3 -2 -4 -6 -1
right_child=3 2 4 -5 5 -7 -8
leaf_value=0.018063696285435124 -0.057977698905574145 -0.428348983079195 0.11326559452794667 0.04385305357570557 0.59440962468876557 0.19274103775924567 -0.23784148506741776
leaf_count=5996 2959 24 381 1104 85 147 95
internal_value=0 0.244558 1.46169 -0.252568 1.65867 2.83253 0.11727
internal_count=10791 6728 637 4063 613 232 6091
shrinkage=0.12


end of trees

feature importances:
Column_0=46
Column_8=41
Column_2=30
Column_1=11
Column_7=10
Column_3=1
Column_6=1

parameters:
[boosting: gbdt]
[objective: regression]
[metric: rmse]
[tree_learner: serial]
[device_type: cpu]
[data: ]
[valid: ]
[num_iterations: 100]
[learning_rate: 0.12]
[num_leaves: 8]
[num_threads: 0]
[max_depth: -1]
[min_data_in_leaf: 20]
[min_sum_hessian_in_leaf: 0.001]
[bagging_fraction: 0.8]
[bagging_freq: 5]
[bagging_seed: 3]
[feature_fraction: 0.9]
[feature_fraction_seed: 2]
[early_stopping_round: 0]
[max_delta_step: 0]
[lambda_l1: 0]
[lambda_l2: 0]
[min_gain_to_split: 0]
[drop_rate: 0.1]
[max_drop: 50]
[skip_drop: 0.5]
[xgboost_dart_mode: 0]
[uniform_drop: 0]
[drop_seed: 4]
[top_rate: 0.2]
[other_rate: 0.1]
[min_data_per_group: 100]
[max_cat_threshold: 32]
[cat_l2: 10]
[cat_smooth: 10]
[max_cat_to_onehot: 4]
[top_k: 20]
[monotone_constraints: ]
[feature_contri: ]
[forcedsplits_filename: ]
[refit_decay_rate: 0.9]
[verbosity: 0]
[max_bin: 255]
[min_data_in_bin: 3]
[bin_construct_sample_cnt: 200000]
[histogram_pool_size: -1]
[data_random_seed: 1]
[output_model: LightGBM_model.txt]
[snapshot_freq: -1]
[input_model: ]
[output_result: LightGBM_predict_result.txt]
[initscore_filename: ]
[valid_data_initscores: ]
[pre_partition: 0]
[enable_bundle: 1]
[max_conflict_rate: 0]
[is_enable_sparse: 1]
[sparse_threshold: 0.8]
[use_missing: 1]
[zero_as_missing: 0]
[two_round: 0]
[save_binary: 0]
[enable_load_from_binary_file: 1]
[header: 0]
[label_column: ]
[weight_column: ]
[group_column: ]
[ignore_column: ]
[categorical_feature: ]
[predict_raw_score: 0]
[predict_leaf_index: 0]
[predict_contrib: 0]
[num_iteration_predict: -1]
[pred_early_stop: 0]
[pred_early_stop_freq: 10]
[pred_early_stop_margin: 10]
[convert_model_language: ]
[convert_model: gbdt_prediction.cpp]
[num_class: 1]
[is_unbalance: 0]
[scale_pos_weight: 1]
[sigmoid: 1]
[boost_from_average: 1]
[reg_sqrt: 0]
[alpha: 0.9]
[fair_c: 1]
[poisson_max_delta_step: 0.7]
[tweedie_variance_power: 1.5]
[max_position: 20]
[label_gain: ]
[metric_freq: 1]
[is_provide_training_metric: 0]
[eval_at: ]
[num_machines: 1]
[local_listen_port: 12400]
[time_out: 120]
[machine_list_filename: ]
[machines: ]
[gpu_platform_id: -1]
[gpu_device_id: -1]
[gpu_use_dp: 0]

end of parameters

pandas_categorical:null
