tree
version=v2
num_class=1
num_tree_per_iteration=1
label_index=0
max_feature_idx=7
objective=regression
feature_names=Column_0 Column_1 Column_2 Column_3 Column_4 Column_5 Column_6 Column_7
feature_infos=[0:23] [0:6] [1:12] [0:2] [0:1] [0:1] [0:1] [-3.8599998950958252:95.790000915527344]
tree_sizes=3028 3105 3123 3116 3127 3118 3142 3126 3127 3115 3119 3134 3123 3111 3142 3124 3118 3113 3096

Tree=0
num_leaves=40
num_cat=0
split_feature=0 1 2 1 0 2 0 7 0 2 0 7 0 7 7 7 1 7 1 2 7 6 7 7 1 7 0 7 0 0 7 4 0 7 0 0 0 5 1
split_gain=3881.53 2017.42 1871.62 2159.66 1988.51 1663.83 1642.36 1296.29 1408.72 1195.91 1580.98 1209.53 4145.12 3608.87 1373.92 1108.51 1061.12 1826.85 1947.65 2744.28 6543.74 2138.62 1459.28 1113.87 1112.15 2650.39 1060.94 945.11 844.912 3285.45 834.595 1450.89 1313.79 773.705 883.674 762.752 644.385 593.469 560.629
threshold=6.5000000000000009 4.5000000000000009 2.5000000000000004 4.5000000000000009 11.500000000000002 3.5000000000000004 9.5000000000000018 28.904999732971195 5.5000000000000009 7.5000000000000009 5.5000000000000009 65.805000305175795 3.5000000000000004 68.395000457763686 73.665000915527358 74.295001983642592 3.5000000000000004 38.344999313354499 4.5000000000000009 1.5000000000000002 31.464999198913578 0.54500001668930065 38.715000152587898 39.594999313354499 1.0000000180025095e-35 43.965000152587898 20.500000000000004 35.315000534057624 21.500000000000004 19.500000000000004 41.694999694824226 1.0000000180025095e-35 17.500000000000004 22.724999427795414 22.500000000000004 17.500000000000004 10.500000000000002 1.0000000180025095e-35 5.5000000000000009
decision_type=2 2 2 2 2 2 2 2 2 2 2 2 2 2 2 2 2 2 2 2 2 2 2 2 2 2 2 2 2 2 2 2 2 2 2 2 2 2 2
left_child=1 9 16 4 -4 7 -5 -3 27 11 -11 37 13 -13 -15 -7 22 18 19 -18 35 26 -2 -24 25 -25 36 -9 29 -6 31 32 -26 -28 -35 -21 -20 -1 -29
right_child=2 5 3 6 28 15 -8 8 -10 10 -12 12 -14 14 -16 -17 17 -19 21 20 -22 -23 23 24 30 -27 33 38 -30 -31 -32 -33 -34 34 -36 -37 -38 -39 -40
leaf_value=3.9281217888441722 3.867102391111747 3.9923851758402531 3.8340351440939808 3.9822852409983529 3.8719912935045588 3.9642974355630782 3.8973466697975825 4.3412139109220611 4.4998726590218912 3.8298328682634679 3.9734384772158364 4.8504209251348263 3.8725896916812159 3.9537542189055768 4.4456860560084834 4.342504229820678 3.9718735938283136 3.877363771641019 3.9873256488819719 3.9334566017330208 4.9508375825255202 4.42641726888042 4.2287542303422185 3.7775042207629004 4.5090259842280425 4.4261153458822857 4.3625042268404455 4.1371196051285679 3.8438627770559712 3.9654198226001647 3.8682185080053153 3.8261884329277835 3.9620280317236074 3.8662542208799806 4.2667899305250474 4.2703613699530365 3.8390608246057694 4.174504225409934 3.785004221103498
leaf_count=1093 983 84 2959 685 4757 619 3364 31 38 569 289 24 117 40 22 20 111 356 112 42 30 23 40 28 23 36 20 26 1163 1173 245 38 21 40 21 28 212 25 20
internal_value=0 1.04297 -0.190589 -0.329754 -0.578133 2.36158 0.28687 4.88655 7.06784 0.535853 -0.383387 1.13291 3.37849 8.64914 4.61876 1.57524 0.624005 1.41519 2.42657 4.91305 8.71263 1.20076 0.0672664 1.60147 1.08728 4.8995 0.668059 4.60912 -0.290859 -0.138014 0.341159 3.10263 7.01172 3.9051 2.13541 3.41691 -0.1412 0.725167 1.73306
internal_count=19527 3017 16510 14101 10052 838 4049 199 115 2179 858 1321 203 86 62 639 2409 995 639 211 100 428 1414 431 391 64 405 77 7093 5930 327 82 44 81 61 70 324 1118 46
shrinkage=1


Tree=1
num_leaves=40
num_cat=0
split_feature=0 1 2 1 2 7 0 0 1 2 0 7 0 7 7 7 0 1 7 1 2 7 6 7 7 1 7 0 7 7 4 0 7 0 0 2 0 0 0
split_gain=3503.08 1820.72 1689.13 2010.05 1501.61 1169.9 1271.37 1153.75 1170.82 1079.31 1426.83 1091.6 3740.97 3257.01 1239.96 1000.43 983.285 957.665 1648.73 1757.75 2476.72 5905.72 1930.11 1322.23 1251.99 1003.72 2391.97 957.497 852.962 753.221 1309.43 1185.7 698.269 797.516 688.384 615.5 606.094 581.557 564.114
threshold=6.5000000000000009 4.5000000000000009 2.5000000000000004 5.5000000000000009 3.5000000000000004 28.904999732971195 5.5000000000000009 11.500000000000002 4.5000000000000009 7.5000000000000009 5.5000000000000009 65.805000305175795 3.5000000000000004 68.395000457763686 73.665000915527358 74.295001983642592 9.5000000000000018 3.5000000000000004 38.344999313354499 4.5000000000000009 1.5000000000000002 31.464999198913578 0.54500001668930065 38.914999008178718 39.594999313354499 1.0000000180025095e-35 43.965000152587898 20.500000000000004 35.315000534057624 41.694999694824226 1.0000000180025095e-35 17.500000000000004 22.724999427795414 22.500000000000004 17.500000000000004 7.5000000000000009 19.500000000000004 10.500000000000002 21.500000000000004
decision_type=2 2 2 2 2 2 2 2 2 2 2 2 2 2 2 2 2 2 2 2 2 2 2 2 2 2 2 2 2 2 2 2 2 2 2 2 2 2 2
left_child=1 9 17 7 5 -3 28 8 -4 11 -11 -1 13 -13 -15 -6 35 23 19 20 -19 34 27 -2 -25 26 -26 37 -7 30 31 -27 -29 -34 -22 -5 -18 -21 -9
right_child=2 4 3 16 15 6 -8 38 -10 10 -12 12 -14 14 -16 -17 36 18 -20 22 21 -23 -24 24 25 29 -28 32 -30 -31 -32 -33 33 -35 -36 -37 -38 -39 -40
leaf_value=0.034445450115742328 -0.028500212038159972 0.090261691508792527 -0.060170834368499564 0.041874110144238141 0.063578338405306967 0.4216489807732644 0.57237480443559197 -0.0076812156880446403 0.016696637130866783 -0.064162994140795113 0.072262334527776514 0.90539564695209274 -0.023544012500434863 0.053562288018874832 0.52089751484719193 0.42287478998303413 -0.0046887629164927671 0.070775693548457308 -0.019008636600180959 0.085455145172142824 0.034279550541014898 1.0007914757728578 0.50259218053973242 0.3679740527754321 -0.11387520993926697 0.58107044139634012 0.50230533240569963 0.44187480032444004 0.08232044094930524 -0.027696636805728994 -0.067625207924529127 0.061422405915246128 -0.029562714993953704 0.3509462140145756 0.3543390634868826 0.17663424122732826 0.061168883806113267 -0.055396436611717607 -0.042305170647096685
leaf_count=1118 989 84 2959 172 619 31 38 7126 595 569 289 24 117 40 22 20 1176 111 356 112 42 30 23 34 28 23 36 20 46 245 38 21 40 21 28 167 497 212 1409
internal_value=0 0.990817 -0.18106 -0.313266 2.2435 4.64222 6.71445 -0.467293 -0.946038 0.509061 -0.364217 1.07626 3.20956 8.21668 4.38782 1.49648 0.612199 0.592805 1.34443 2.30524 4.6674 8.277 1.14072 0.0639031 1.53904 1.03292 4.65453 0.634656 4.37866 0.324101 2.9475 6.66113 3.70984 2.02864 3.24607 2.16521 0.297513 -0.13414 -0.267942
internal_count=19527 3017 16510 14101 838 199 115 12089 3554 2179 858 1321 203 86 62 639 2012 2409 995 639 211 100 428 1414 425 391 64 405 77 327 82 44 81 61 70 339 1673 324 8535
shrinkage=0.05


Tree=2
num_leaves=40
num_cat=0
split_feature=0 1 2 1 2 7 0 0 0 2 0 7 0 7 7 7 0 1 7 0 7 7 7 1 2 7 1 7 7 0 1 0 1 7 4 0 2 0 5
split_gain=3161.53 1643.2 1524.44 1814.07 1355.2 1061.92 1279.81 1059.61 2258.15 974.079 1287.72 985.166 3376.22 2939.45 1119.06 902.886 887.415 864.292 1514.3 1550.02 1203.45 1605.16 1195.37 2507.66 4716.11 1171.16 905.856 2158.76 774.526 712.166 705.274 825.781 684.565 679.782 1181.76 1070.09 555.489 547 535.606
threshold=6.5000000000000009 4.5000000000000009 2.5000000000000004 5.5000000000000009 3.5000000000000004 29.925000190734867 5.5000000000000009 19.500000000000004 21.500000000000004 7.5000000000000009 5.5000000000000009 65.805000305175795 3.5000000000000004 68.395000457763686 73.665000915527358 74.295001983642592 9.5000000000000018 3.5000000000000004 36.034999847412116 22.500000000000004 39.114999771118171 39.594999313354499 28.904999732971195 4.5000000000000009 1.5000000000000002 18.454999923706058 1.0000000180025095e-35 43.965000152587898 35.315000534057624 11.500000000000002 4.5000000000000009 8.5000000000000018 4.5000000000000009 41.694999694824226 1.0000000180025095e-35 17.500000000000004 7.5000000000000009 19.500000000000004 1.0000000180025095e-35
decision_type=2 2 2 2 2 2 2 2 2 2 2 2 2 2 2 2 2 2 2 2 2 2 2 2 2 2 2 2 2 2 2 2 2 2 2 2 2 2 2
left_child=1 9 17 7 5 -3 28 30 32 11 -11 38 13 -13 -15 -6 36 20 19 22 -2 -22 25 24 -24 -19 27 -23 -7 -25 31 -4 -9 34 35 -28 -5 -18 -1
right_child=2 4 3 16 15 6 -8 8 -10 10 -12 12 -14 14 -16 -17 37 18 -20 -21 21 26 23 29 -26 -27 33 -29 -30 -31 -32 -33 -34 -35 -36 -37 -38 -39 -40
leaf_value=0.027489201729982572 -0.026796449300876952 0.092097731909892538 -0.074760160327082409 0.039780402876609978 0.060399424046976118 0.41556056252232304 0.56395518070942641 0.065028669169999956 -0.040189909351218925 -0.060954845823701115 0.06864921152849511 0.86012587025761611 -0.022366816665117556 0.050884171454817988 0.49485264108939608 0.40173104267567394 -0.0044543288724154841 0.172016678351949 -0.0045753895129691064 0.41915338926017287 0.45477897989062166 -0.10818145163357258 0.07155174825242476 0.23068343830108642 0.91821103237312407 -0.044909253797711851 0.55201692192450824 0.47719007662187024 0.078204418896980918 0.0034212842785023355 0.00042010020149608362 -0.029547765562412218 -0.027334510393379148 -0.026311806245725985 -0.064243951439857491 0.058351287804543975 0.1678025303040436 0.058110440176137736 0.26155251437425614
leaf_count=1093 997 89 1195 172 619 27 37 1173 1409 569 289 24 117 40 22 20 1176 93 446 40 26 28 38 50 29 188 23 36 46 111 1549 6521 242 245 38 21 167 497 25
internal_value=0 0.941276 -0.172007 -0.297603 2.13132 4.41011 6.48798 -0.443928 0.0923236 0.483608 -0.346007 1.02245 3.04909 7.80585 4.16843 1.42165 0.581589 0.563165 1.27721 2.38914 0.0607081 1.4872 1.9181 3.61939 8.76032 0.537695 0.981272 4.4218 4.0596 1.47999 -0.60738 -0.730999 0.984646 0.307896 2.80012 6.32808 2.05695 0.282637 0.654464
internal_count=19527 3017 16510 14101 838 199 110 12089 2824 2179 858 1321 203 86 62 639 2012 2409 995 549 1414 417 509 228 67 281 391 64 73 161 9265 7716 1415 327 82 44 339 1673 1118
shrinkage=0.05


Tree=3
num_leaves=40
num_cat=0
split_feature=0 1 2 1 2 7 0 0 1 2 0 7 0 7 7 7 0 1 7 0 7 7 1 2 7 0 1 7 1 7 0 7 1 0 2 6 0 5 0
split_gain=2853.28 1482.99 1375.81 1637.2 1223.07 999.015 1261.98 962.513 988.031 879.106 1162.16 889.112 3047.04 2652.85 1009.96 814.855 800.892 780.024 1366.66 1398.9 1093.72 1078.82 2263.16 4256.29 1056.97 973.085 1017.41 1851.61 1664.51 3824.75 705.789 1858.26 667.667 642.73 501.329 499.406 493.668 483.384 473.36
threshold=6.5000000000000009 4.5000000000000009 2.5000000000000004 5.5000000000000009 3.5000000000000004 19.404999732971195 5.5000000000000009 11.500000000000002 4.5000000000000009 7.5000000000000009 5.5000000000000009 65.805000305175795 3.5000000000000004 68.395000457763686 73.665000915527358 74.295001983642592 9.5000000000000018 3.5000000000000004 36.034999847412116 22.500000000000004 37.32500076293946 28.904999732971195 4.5000000000000009 1.5000000000000002 18.454999923706058 13.500000000000002 1.0000000180025095e-35 43.965000152587898 2.5000000000000004 40.975000381469734 1.0000000180025095e-35 35.555000305175788 5.5000000000000009 11.500000000000002 7.5000000000000009 0.28499999642372137 19.500000000000004 1.0000000180025095e-35 3.5000000000000004
decision_type=2 2 2 2 2 2 2 2 2 2 2 2 2 2 2 2 2 2 2 2 2 2 2 2 2 2 2 2 2 2 2 2 2 2 2 2 2 2 2
left_child=1 9 17 7 5 -3 30 8 -4 11 38 37 13 -13 -15 -6 34 20 19 21 -2 24 23 -23 -19 -22 27 -27 -28 -30 31 -7 -32 -24 -5 -36 -18 -1 -11
right_child=2 4 3 16 15 6 -8 -9 -10 10 -12 12 -14 14 -16 -17 36 18 -20 -21 25 22 33 -25 -26 26 28 -29 29 -31 32 -33 -34 -35 35 -37 -38 -39 -40
leaf_value=0.026114741802788173 -0.030501100078740115 -0.033022941861833847 -0.054771946313192654 0.037791387840758923 0.057379446979702389 0.54757169581228682 0.46195754543790279 -0.011982543654368856 0.015840798900863783 -0.013489176271712944 0.065216758548182194 0.8171195251867176 -0.021248470737129196 0.048339961441233759 0.47011001353914089 0.38164450593292715 -0.0042316074856892736 0.16341584616751281 -0.0043466225483625989 0.39819572508335116 -0.028810927923281156 0.067974153592398293 0.21914926218986511 0.87230047295833468 -0.04266379254553071 -0.0034631775125213296 -0.013101084279256631 0.61241178203087587 0.69078355643432587 0.021296777529641986 0.18861120776696638 -0.045592508319279426 -0.15798587203025818 0.0032502197937385457 0.12573286389482433 0.38139117360115055 0.055204919810356273 0.2484748909473419 -0.10473033594310499
leaf_count=1093 897 35 2959 172 619 31 53 8535 595 292 289 24 117 40 22 20 1176 93 446 40 191 38 50 29 188 23 181 26 32 64 33 23 24 111 145 22 497 25 277
internal_value=0 0.894212 -0.163406 -0.282722 2.02476 4.1896 5.22468 -0.421732 -0.859003 0.459427 -0.328706 0.971326 2.89663 7.41556 3.96001 1.35057 0.55251 0.535007 1.21335 2.26968 0.0576726 1.82219 3.43842 8.32231 0.51081 1.21613 2.26625 6.46655 1.52323 4.88918 3.30786 5.89855 0.853512 1.40599 1.9541 3.18825 0.268505 0.62174 -1.15814
internal_count=19527 3017 16510 14101 838 199 164 12089 3554 2179 858 1321 203 86 62 639 2012 2409 995 549 1414 509 228 67 281 517 326 49 277 96 111 54 57 161 339 167 1673 1118 569
shrinkage=0.05


Tree=4
num_leaves=40
num_cat=0
split_feature=0 1 2 1 2 7 6 0 0 0 7 2 0 6 7 0 1 7 1 2 7 6 7 7 0 1 0 1 7 7 1 7 1 0 7 4 0 0 0
split_gain=2575.09 1338.4 1241.67 1477.57 1103.82 941.694 1049.22 1200.26 922.427 2037.98 894.772 793.393 1048.85 834.076 735.406 722.805 703.971 1255.45 1365.12 1909.36 5105.49 1764.73 1004.92 1424.12 775.765 727.136 1813.71 666.884 1837.2 624.213 617.82 615.222 588.35 692.09 576.952 1008.75 1025.46 547.742 517.941
threshold=6.5000000000000009 4.5000000000000009 2.5000000000000004 5.5000000000000009 3.5000000000000004 29.925000190734867 0.034999999217689044 5.5000000000000009 19.500000000000004 21.500000000000004 35.315000534057624 7.5000000000000009 5.5000000000000009 0.99500000476837169 74.295001983642592 9.5000000000000018 3.5000000000000004 38.344999313354499 4.5000000000000009 1.5000000000000002 31.464999198913578 0.54500001668930065 39.114999771118171 39.594999313354499 20.500000000000004 1.0000000180025095e-35 12.500000000000002 1.0000000180025095e-35 66.674999237060561 42.145000457763679 4.5000000000000009 31.464999198913578 4.5000000000000009 8.5000000000000018 41.694999694824226 1.0000000180025095e-35 17.500000000000004 17.500000000000004 16.500000000000004
decision_type=2 2 2 2 2 2 2 2 2 2 2 2 2 2 2 2 2 2 2 2 2 2 2 2 2 2 2 2 2 2 2 2 2 2 2 2 2 2 2
left_child=1 11 16 8 5 -3 7 10 32 30 -7 13 -13 27 -6 -5 22 18 19 -18 37 24 38 -24 -20 26 -25 28 29 -1 -10 -26 33 -4 35 36 -27 -21 -2
right_child=2 4 3 15 14 6 -8 -9 9 -11 -12 12 -14 -15 -16 -17 17 -19 21 20 -22 -23 23 25 31 34 -28 -29 -30 -31 -32 -33 -34 -35 -36 -37 -38 -39 -40
leaf_value=0.13555057278046242 -0.055776517986203748 0.078085732928822552 -0.068283554977702304 0.09281973273529065 0.054510483085531414 0.48976187589375875 0.012103775262832642 0.64866342289107193 0.062376366498683979 -0.037581288970007468 0.085967600323698101 -0.055011746805874874 0.061955915092390713 0.27097403721418234 0.36256227731704715 0.012754006502572036 0.060878289798022928 -0.017612106989273867 -0.010552527523818023 0.014021925929756391 0.90783407131830851 0.47428351485210918 0.42624072600872476 -0.19658428192138674 0.26535409686083977 0.52234580808359643 0.37766719704324547 0.020824396675516568 0.43172669724414225 -0.03154905268609106 -0.025368662283193968 -0.022073061199023806 0.00046384793801234372 -0.0268924996757266 -0.024499464929103851 -0.059983950382784791 0.039083917651857647 0.29952007872717723 0.01703161354237628
leaf_count=117 569 89 1195 339 619 23 25 28 1173 1409 34 569 289 40 20 1673 111 356 324 42 30 23 26 20 52 23 44 1019 38 107 242 29 1549 6521 245 38 21 28 428
internal_value=0 0.849502 -0.155236 -0.268586 1.92352 3.98012 5.93683 7.61176 -0.400645 0.09969 4.97804 0.436456 -0.312271 0.92276 1.28304 0.524884 0.508256 1.15268 1.9911 4.0728 7.2421 0.96485 0.0547889 1.35832 0.480952 0.881771 3.96427 0.782347 2.20529 1.11461 0.947396 3.24896 -0.553149 -0.666057 0.278468 2.57447 5.83396 2.56442 -0.490417
internal_count=19527 3017 16510 14101 838 199 110 85 12089 2824 57 2179 858 1321 639 2012 2409 995 639 211 100 428 1414 417 405 391 64 1281 262 224 1415 81 9265 7716 327 82 44 70 997
shrinkage=0.05


Tree=5
num_leaves=40
num_cat=0
split_feature=0 1 2 1 2 7 0 0 0 2 0 7 0 7 7 7 0 1 0 1 2 0 7 7 7 7 0 7 1 7 7 0 7 1 1 7 1 0 7
split_gain=2324.02 1207.9 1120.61 1333.51 996.196 854.908 1054.84 832.49 1839.28 716.038 946.589 753.416 2729.74 2386.8 917.87 663.704 652.331 635.334 1184.89 1055.85 1221.94 1367.16 1914.66 8166.33 906.938 1285.27 686.941 1010.43 656.24 1729.3 641.794 633.25 1627.27 591.731 578.385 573.876 530.986 636.99 520.699
threshold=6.5000000000000009 4.5000000000000009 2.5000000000000004 5.5000000000000009 3.5000000000000004 19.404999732971195 5.5000000000000009 19.500000000000004 21.500000000000004 7.5000000000000009 5.5000000000000009 65.805000305175795 3.5000000000000004 68.395000457763686 73.665000915527358 74.295001983642592 9.5000000000000018 3.5000000000000004 22.500000000000004 4.5000000000000009 1.5000000000000002 20.500000000000004 38.344999313354499 31.464999198913578 39.114999771118171 39.594999313354499 11.500000000000002 18.454999923706058 1.0000000180025095e-35 43.965000152587898 21.139999389648441 1.0000000180025095e-35 35.555000305175788 5.5000000000000009 3.5000000000000004 35.764999389648445 4.5000000000000009 11.500000000000002 41.694999694824226
decision_type=2 2 2 2 2 2 2 2 2 2 2 2 2 2 2 2 2 2 2 2 2 2 2 2 2 2 2 2 2 2 2 2 2 2 2 2 2 2 2
left_child=1 9 17 7 5 -3 31 36 34 11 -11 -1 13 -13 -15 -6 -5 24 19 20 30 22 23 -22 -2 -26 -21 -28 29 -27 -19 32 -7 -33 -9 -20 37 -4 -30
right_child=2 4 3 16 15 6 -8 8 -10 10 -12 12 -14 14 -16 -17 -18 18 35 26 21 -23 -24 -25 25 28 27 -29 38 -31 -32 33 -34 -35 -36 -37 -38 -39 -40
leaf_value=0.027740837647188089 -0.023294826369796143 -0.035276090076991493 -0.049852928589247662 0.088178745852810797 0.051784957386854208 0.5084272991745703 0.42044371816347231 0.067581352035878076 -0.035702226050277397 -0.052261159677706615 0.058858119998011209 0.76967402230948212 -0.024748517993168954 0.0397454677708447 0.44182781143621963 0.34443416595458987 0.012116308068523705 0.27869250304287391 0.38374663644876239 0.081163472091929645 0.099280275798068862 -0.16307946279644969 0.044683458845989378 1.2274865155634673 0.40492870326225577 -0.10640206944995695 0.27723359304666517 -0.050255565799278479 0.12228730840653908 0.41751791603035393 -0.018007164839925111 0.17045490109559261 -0.046647816671706414 -0.15583759198586147 -0.000254670598577795 0.054320648759603497 0.00044065821540690457 -0.020307290449422123 -0.023274489115087355
leaf_count=1118 997 35 2959 339 619 31 53 944 1409 569 289 24 117 40 22 20 1673 21 39 198 53 20 51 23 26 28 25 407 82 36 138 33 23 24 471 20 1549 4757 245
internal_value=0 0.807027 -0.147474 -0.255157 1.82734 3.78112 4.73863 -0.380613 0.0947055 0.414633 -0.296657 0.876622 2.64893 6.92609 3.6484 1.21889 0.49864 0.482843 1.09505 0.82107 2.34502 4.42331 5.63353 8.81422 0.0520495 1.2904 0.0808632 -0.626073 0.837683 3.76606 0.423592 2.98617 5.44013 0.661372 0.900026 5.44154 -0.525492 -0.632754 0.264545
internal_count=19527 3017 16510 14101 838 199 164 12089 2824 2179 858 1321 203 86 62 639 2012 2409 995 936 306 147 127 76 1414 417 630 432 391 64 159 111 54 57 1415 59 9265 7716 327
shrinkage=0.05


Tree=6
num_leaves=40
num_cat=0
split_feature=0 1 2 1 2 7 4 7 0 0 2 0 6 7 1 7 0 1 7 6 1 7 7 0 1 7 1 7 0 7 1 7 0 1 0 0 7 2 7
split_gain=2097.43 1090.13 1011.35 1203.49 899.067 849.544 1042.22 963.767 751.323 1659.95 646.224 854.297 753.737 598.993 596.339 1595.35 588.729 573.389 1119.83 1074.9 1466.59 2858.43 828.094 840.907 890.974 3323.88 1362.61 1496.06 608.281 565.292 521.993 519.18 485.485 479.215 590.844 473.008 524.655 452.449 469.509
threshold=6.5000000000000009 4.5000000000000009 2.5000000000000004 5.5000000000000009 3.5000000000000004 31.464999198913578 1.0000000180025095e-35 35.315000534057624 19.500000000000004 21.500000000000004 7.5000000000000009 5.5000000000000009 0.99500000476837169 74.295001983642592 1.0000000180025095e-35 66.674999237060561 9.5000000000000018 3.5000000000000004 36.034999847412116 0.21499999612569812 4.5000000000000009 31.464999198913578 37.32500076293946 13.500000000000002 2.5000000000000004 40.975000381469734 1.0000000180025095e-35 43.965000152587898 20.500000000000004 42.145000457763679 3.5000000000000004 22.724999427795414 10.500000000000002 4.5000000000000009 8.5000000000000018 9.5000000000000018 69.735000610351577 7.5000000000000009 43.48500061035157
decision_type=2 2 2 2 2 2 2 2 2 2 2 2 2 2 2 2 2 2 2 2 2 2 2 2 2 2 2 2 2 2 2 2 2 2 2 2 2 2 2
left_child=1 10 17 8 5 -3 7 -7 33 30 12 -12 14 -6 15 29 37 22 19 20 21 -19 -2 -24 26 -26 27 -25 32 -1 -10 -30 -22 34 -4 36 -35 -5 -39
right_child=2 4 3 16 13 6 -8 -9 9 -11 11 -13 -14 -15 -16 -17 -18 18 -20 -21 28 -23 23 24 25 -27 -28 -29 31 -31 -32 -33 -34 35 -36 -37 -38 38 -40
leaf_value=0.12738600116000218 -0.026576854541083779 0.076812302142381675 -0.062376732863641683 0.026851893303006198 0.049195707566518587 0.63817347946266345 0.0043208410739898678 0.25271182407438758 0.06420228590525813 -0.033917115485947384 -0.049648104469260768 0.055915219375418962 0.25537332028150556 0.32721244007349015 0.017667201484559913 0.40180176731787232 0.011510488396043987 0.095811667537017572 -0.0068361782130572299 0.44224638776345693 0.084469924424774953 0.58098547653510024 -0.030435798867210668 -0.011562399792930354 0.64570306022651502 0.021589510468766095 -0.015041660239601004 0.54203191519929816 0.37308747842907908 -0.0316317633173002 -0.00024193875380888616 0.072508805814911342 -0.054235157775490185 0.024882293477782917 -0.024132890971438906 -0.014399174045916905 0.19204977673777779 0.27836322460485546 0.090700262784957894
leaf_count=117 897 100 1195 172 619 24 25 50 944 1409 569 289 40 20 1019 38 1673 137 446 22 96 39 191 23 32 64 181 26 20 107 471 51 184 290 6521 1203 56 46 121
internal_value=0 0.766675 -0.140101 -0.242399 1.73598 3.59206 5.66864 7.55453 -0.361583 0.0899702 0.393902 -0.281825 0.832791 1.15795 0.699312 2.04489 0.473708 0.458701 1.04029 1.99649 1.71059 4.06644 0.049447 1.05746 2.03366 4.59255 0.965596 5.64363 0.529319 1.02853 0.855025 3.14358 -0.133583 -0.499217 -0.601117 0.00837245 1.03877 1.6754 2.84784
internal_count=19527 3017 16510 14101 838 199 99 74 12089 2824 2179 858 1321 639 1281 262 2012 2409 995 549 527 176 1414 517 326 96 230 49 351 224 1415 71 280 9265 7716 1549 346 339 167
shrinkage=0.05


Tree=7
num_leaves=40
num_cat=0
split_feature=0 7 0 1 0 2 1 0 0 0 1 0 2 1 7 7 4 7 2 7 7 0 2 1 7 7 7 6 1 7 7 2 7 7 7 0 0 7 7
split_gain=1892.93 987.249 937.23 1090.02 1434.27 858.7 757.126 935.426 672.842 608.854 933.523 880.814 768.011 939.507 850.235 1017.66 832.309 688.645 626.828 595.304 846.181 583.003 560.062 1623.76 2454.47 2948.99 564.44 992.82 1281.32 570.501 483.268 477.763 723.505 464.642 464.011 453.525 1110.35 677.01 1696.69
threshold=6.5000000000000009 76.365001678466811 16.500000000000004 4.5000000000000009 10.500000000000002 4.5000000000000009 4.5000000000000009 3.5000000000000004 11.500000000000002 21.500000000000004 4.5000000000000009 19.500000000000004 2.5000000000000004 4.5000000000000009 37.32500076293946 47.995000839233406 1.0000000180025095e-35 39.364999771118171 1.5000000000000002 74.475002288818374 74.055000305175795 5.5000000000000009 2.5000000000000004 3.5000000000000004 38.514999389648445 29.244999885559086 38.715000152587898 0.064999999478459372 2.5000000000000004 57.024999618530281 56.114999771118171 5.5000000000000009 46.514999389648445 77.204998016357436 31.464999198913578 3.5000000000000004 5.5000000000000009 36.93499946594239 39.364999771118171
decision_type=2 2 2 2 2 2 2 2 2 2 2 2 2 2 2 2 2 2 2 2 2 2 2 2 2 2 2 2 2 2 2 2 2 2 2 2 2 2 2
left_child=1 5 3 8 -5 6 7 -1 -2 11 -11 12 13 14 -4 16 17 -16 -19 20 35 -8 23 26 25 -25 -10 28 29 -28 31 -12 -33 -24 -13 37 -37 -7 -39
right_child=2 -3 9 4 -6 19 21 -9 22 10 30 34 -14 -15 15 -17 -18 18 -20 -21 -22 -23 33 24 -26 -27 27 -29 -30 -31 -32 32 -34 -35 -36 36 -38 38 -40
leaf_value=-0.045463274026789319 -0.042715997369027564 0.30042411540235792 0.037959765041256976 0.054899725621561007 -0.018993874612774811 -0.081933186001637404 0.089327827629943693 0.081815045009382442 -0.057818855698836047 -0.038623324272168039 0.028368185888876254 0.10912559275303531 -0.011248541706405664 -0.057276450903689283 0.14654835357584736 -0.016621425727734698 0.025625616379759533 0.3110602975487709 0.67274576509776329 -0.20634797384341558 0.30711316084861756 0.24242727587097571 -0.032303036959444892 0.049082124140113592 -0.0348534599095583 0.80438963810114983 -0.024891454141873579 -0.11899683226902898 0.43847184620265456 0.26967948255213825 -0.01450125293312024 0.065627058186545614 0.31513219045268165 0.011482015829841579 0.033959312101231064 -0.048763135576083617 0.04265762215020738 0.52178213119506844 0.052563308785359066
leaf_count=205 3476 35 187 1081 1673 85 180 488 236 1360 187 233 2476 122 22 37 22 25 23 30 25 95 2135 24 50 28 65 52 28 22 245 82 45 846 1728 652 677 20 525
internal_value=0 0.728341 -0.133095 -0.332332 0.200217 0.666368 1.4404 0.883283 -0.542995 0.15183 -0.325308 0.33965 -0.00904698 1.21156 2.12158 4.09651 5.87771 7.56392 9.68736 0.294341 0.361195 2.84433 -0.232564 0.741281 4.30553 9.11572 -0.160837 1.24603 2.8856 0.991955 0.762591 1.5839 3.08069 -0.397539 0.857807 0.287419 -0.0438579 0.986256 1.39565
internal_count=19527 3017 16510 9716 2754 2982 968 693 6962 6794 1919 4875 2914 438 316 129 92 70 48 2014 1984 275 3486 505 102 52 403 167 115 87 559 314 127 2981 1961 1959 1329 630 545
shrinkage=0.05


Tree=8
num_leaves=40
num_cat=0
split_feature=0 1 0 1 0 2 7 4 7 0 2 0 6 0 1 0 2 1 7 7 4 7 2 7 7 2 1 7 7 7 6 1 7 7 2 7 7 7 5
split_gain=1708.37 932.522 845.85 983.746 1294.43 738.672 767.711 942.05 869.315 607.24 569.839 740.382 677.373 549.491 842.504 794.935 693.13 847.905 767.337 918.439 751.159 621.502 565.713 547.863 516.6 505.456 1465.45 2215.16 2661.47 509.407 896.02 1156.39 514.877 436.149 431.181 652.963 425.133 418.77 412.834
threshold=6.5000000000000009 4.5000000000000009 16.500000000000004 4.5000000000000009 10.500000000000002 3.5000000000000004 31.464999198913578 1.0000000180025095e-35 35.315000534057624 11.500000000000002 7.5000000000000009 5.5000000000000009 0.99500000476837169 21.500000000000004 4.5000000000000009 19.500000000000004 2.5000000000000004 4.5000000000000009 37.32500076293946 47.995000839233406 1.0000000180025095e-35 39.364999771118171 1.5000000000000002 74.055000305175795 74.295001983642592 2.5000000000000004 3.5000000000000004 38.514999389648445 29.244999885559086 38.715000152587898 0.064999999478459372 2.5000000000000004 57.024999618530281 56.114999771118171 5.5000000000000009 46.514999389648445 84.61999893188478 31.464999198913578 1.0000000180025095e-35
decision_type=2 2 2 2 2 2 2 2 2 2 2 2 2 2 2 2 2 2 2 2 2 2 2 2 2 2 2 2 2 2 2 2 2 2 2 2 2 2 2
left_child=1 10 3 9 -5 6 -3 8 -8 -2 12 -12 23 15 -15 16 17 18 -4 20 21 -20 -23 38 -7 26 29 28 -28 -11 31 32 -31 34 -16 -36 -27 -17 -1
right_child=2 5 13 4 -6 24 7 -9 -10 25 11 -13 -14 14 33 37 -18 -19 19 -21 -22 22 -24 -25 -26 36 27 -29 -30 30 -32 -33 -34 -35 35 -37 -38 -39 -40
leaf_value=0.022295259138617934 -0.040580196341449319 0.065826055765151978 0.036061776564879848 0.052154737157931522 -0.018044180836521859 0.045143109393909406 0.59924676554898426 -0.0031173803806304936 0.23316025489568715 -0.054927919419892772 -0.047470696231183357 0.050802846072454361 0.24058182697743177 -0.036692157497300822 0.026949773798572191 0.10366931428309419 -0.010686113212636773 -0.054412627293438209 0.13922094304791907 -0.015790357581666997 0.024344338442791592 0.29550728880614047 0.63910847047100905 0.23592301793396475 0.30333186626434328 -0.025646814723681716 0.046628015829871104 -0.033110786512494092 0.76417017701481083 -0.023646876766131475 -0.11304699051408813 0.41654823747064385 0.25619551756165249 -0.0137761940001225 0.062345702891669623 0.2993755740589566 0.033829943840130945 0.03226134431638962 0.22754300379753115
leaf_count=1224 3476 100 187 1081 1673 619 24 25 50 236 569 289 40 1360 187 233 2476 122 22 37 22 25 23 32 20 2642 24 50 28 65 52 28 22 245 82 45 339 1728 25
internal_value=0 0.691924 -0.126441 -0.315715 0.190206 1.58842 3.27081 5.24485 7.03782 -0.515846 0.34715 -0.287385 0.759285 0.144238 -0.309043 0.322668 -0.00859461 1.15099 2.0155 3.89169 5.58383 7.18573 9.20299 0.632748 1.06448 -0.220936 0.704217 4.09025 8.65994 -0.152795 1.18373 2.74132 0.942357 0.724461 1.5047 2.92665 -0.377662 0.814916 0.52807
internal_count=19527 3017 16510 9716 2754 838 199 99 74 6962 2179 858 1321 6794 1919 4875 2914 438 316 129 92 70 48 1281 639 3486 505 102 52 403 167 115 87 559 314 127 2981 1961 1249
shrinkage=0.05


Tree=9
num_leaves=40
num_cat=0
split_feature=0 7 2 1 2 0 0 1 1 0 1 2 0 7 7 7 2 1 7 1 7 7 0 7 7 0 7 2 1 1 7 0 0 2 7 7 6 7 7
split_gain=1541.8 862.023 771.054 938.712 734.897 579.517 575.663 519.622 470.217 1054.05 745.965 1115.35 1206.86 1578.85 7068.35 625.461 771.242 1333.54 6530.56 849.422 1513.54 615.623 546.868 863.263 492.732 467.349 545.347 701.542 446.328 1120.74 1144.37 2143.27 893.583 984.207 890.16 530.748 1212.88 626.875 492.211
threshold=6.5000000000000009 76.365001678466811 2.5000000000000004 5.5000000000000009 7.5000000000000009 5.5000000000000009 11.500000000000002 4.5000000000000009 3.5000000000000004 22.500000000000004 4.5000000000000009 1.5000000000000002 20.500000000000004 38.344999313354499 31.464999198913578 37.32500076293946 1.5000000000000002 2.5000000000000004 41.465000152587898 1.0000000180025095e-35 43.965000152587898 21.139999389648441 11.500000000000002 18.454999923706058 35.764999389648445 8.5000000000000018 55.004999160766609 5.5000000000000009 3.5000000000000004 1.5000000000000002 65.134998321533217 3.5000000000000004 5.5000000000000009 2.5000000000000004 25.925000190734867 42.965000152587898 0.10500000044703485 53.405000686645515 23.654999732971195
decision_type=2 2 2 2 2 2 2 2 2 2 2 2 2 2 2 2 2 2 2 2 2 2 2 2 2 2 2 2 2 2 2 2 2 2 2 2 2 2 2
left_child=1 4 8 6 28 -6 7 -4 15 10 11 21 13 14 -13 -2 17 -17 -19 20 -18 -10 -12 -24 -11 26 27 -5 29 30 35 -32 -30 34 -34 36 38 -37 -1
right_child=2 -3 3 25 5 -7 -8 -9 9 24 22 12 -14 -15 -16 16 19 18 -20 -21 -22 -23 23 -25 -26 -27 -28 -29 32 -31 31 -33 33 -35 -36 37 -38 -39 -40
leaf_value=0.17091120561910056 -0.023640159117172131 0.2795620747762067 -0.041216586517618892 0.024912886923932016 -0.026734019751304395 0.048223669635943878 -0.0086943315292092611 0.0099918697398750731 0.25801947641940343 0.35491922326768055 0.071251008685941655 0.080495739039385103 -0.16414023622870447 0.038519306802282147 1.1301200274863969 0.027174719741308931 -0.083117839458741641 1.0355196819418955 0.0040762778959776225 -0.05954183228313923 0.36930031619138193 -0.032567940245760423 0.25608846116065981 -0.046614152185747021 0.049670472592115406 0.012663694461963696 0.013300766717446478 0.28194936689783318 0.039337010291556201 -0.023012623532364766 0.52771994471549988 0.035680861180683358 0.10346916424376625 0.096999677996988887 0.4729825355876715 -0.1036846537895576 0.38189876247197391 0.076599546038406963 0.0057708277408057042
leaf_count=63 897 35 2959 47 761 390 8535 595 21 39 198 53 20 51 23 151 38 21 57 214 36 138 25 407 20 1790 114 61 499 528 38 53 28 199 39 99 32 94 159
internal_value=0 0.657328 -0.120119 -0.209441 0.599418 -0.0267134 -0.314701 -0.652868 0.402729 0.929406 0.670998 1.95194 3.93751 5.07457 7.9629 0.0321188 0.908163 2.27787 5.63545 -0.180946 2.73955 0.116231 0.0488239 -0.581933 5.0289 0.423003 1.79154 3.40182 0.993016 0.574767 1.59055 4.82295 1.57583 3.05612 6.37118 0.932497 1.88234 -0.317557 1.0527
internal_count=19527 3017 16510 14101 2982 1151 12089 3554 2409 995 936 306 147 127 76 1414 517 229 78 288 74 159 630 432 59 2012 222 108 1831 1066 538 91 765 266 67 447 254 193 222
shrinkage=0.05


Tree=10
num_leaves=40
num_cat=0
split_feature=0 1 0 1 0 2 7 0 0 1 7 0 1 0 2 1 7 7 4 7 0 2 0 6 1 7 7 7 2 1 7 7 7 6 1 0 7 7 7
split_gain=1391.48 806.459 740.579 804.182 1108.3 619.19 690.502 810.372 566.93 1490.34 548.135 504.468 734.753 717.226 612.254 736.826 657.359 805.53 674.656 585.93 497.397 478.471 618.604 599.68 501.17 1314.67 469.986 448.21 431.626 1258 1913.95 2334.93 437.43 798.77 1042.89 507.287 800.443 395.657 413.47
threshold=6.5000000000000009 4.5000000000000009 16.500000000000004 4.5000000000000009 10.500000000000002 3.5000000000000004 19.404999732971195 5.5000000000000009 1.0000000180025095e-35 5.5000000000000009 37.32500076293946 21.500000000000004 4.5000000000000009 19.500000000000004 2.5000000000000004 4.5000000000000009 37.32500076293946 47.995000839233406 1.0000000180025095e-35 43.18499946594239 11.500000000000002 7.5000000000000009 5.5000000000000009 0.99500000476837169 1.0000000180025095e-35 66.674999237060561 42.145000457763679 74.295001983642592 2.5000000000000004 3.5000000000000004 38.514999389648445 29.244999885559086 38.715000152587898 0.064999999478459372 2.5000000000000004 14.500000000000002 47.225000381469734 77.204998016357436 77.500000000000014
decision_type=2 2 2 2 2 2 2 2 2 2 2 2 2 2 2 2 2 2 2 2 2 2 2 2 2 2 2 2 2 2 2 2 2 2 2 2 2 2 2
left_child=1 21 3 20 -5 6 -3 8 9 -8 -10 13 -13 14 15 16 -4 18 19 -18 -2 23 -23 24 25 26 -1 -7 29 32 31 -31 -22 34 35 36 -34 -30 -39
right_child=2 5 11 4 -6 27 7 -9 10 -11 -12 12 -14 -15 -16 -17 17 -19 -20 -21 28 22 -24 -25 -26 -27 -28 -29 37 30 -32 -33 33 -35 -36 -37 -38 38 -40
leaf_value=0.11292806695669125 -0.036991952397856298 -0.051686190366745002 0.034663643261646844 0.047769861704360601 -0.017186310002218444 0.041396189306491027 -0.020872928415025985 0.35379860626076753 -0.10783068755188503 0.5048343672918586 0.21705848470330241 -0.034592902923331545 0.033500133978606121 0.038884825874328968 -0.009865888196415297 -0.050105639632608071 0.23533468961794962 -0.015632535839402998 0.019102092629129236 0.54331932482917022 -0.05103897805941307 -0.044137275933905103 0.045691422804236208 0.22471829494461418 0.012263375098823449 0.36173066555669436 -0.032066407867611571 0.28188826240599157 -0.028970828221050862 0.03983591956396898 -0.031532942354679107 0.71191999486514501 -0.081004654914140717 -0.10791172207548068 0.3936509430408478 -0.08506784297344161 0.33973397475022538 0.23607061304152013 0.0059941730202687574
leaf_count=117 3476 35 187 1081 1673 619 28 53 37 26 20 1360 559 1961 2476 122 47 37 22 23 236 569 289 40 1019 38 107 20 2135 24 50 28 20 52 28 41 26 20 826
internal_value=0 0.624462 -0.114113 -0.291218 0.166206 1.45816 2.99849 3.85903 2.32301 4.64491 0.12331 0.139163 -0.295151 0.310127 -0.00452854 1.0853 1.8912 3.62774 5.21246 6.73059 -0.472164 0.303837 -0.277606 0.681489 0.56243 1.79597 0.873346 0.978467 -0.205256 0.649663 3.7869 8.03455 -0.144376 1.09413 2.56477 0.85637 3.13608 -0.350085 0.228667
internal_count=19527 3017 16510 9716 2754 838 199 164 111 54 57 6794 1919 4875 2914 438 316 129 92 70 6962 2179 858 1321 1281 262 224 639 3486 505 102 52 403 167 115 87 46 2981 846
shrinkage=0.05


Tree=11
num_leaves=40
num_cat=0
split_feature=0 7 7 0 1 0 2 7 1 1 6 0 2 7 7 1 0 0 1 0 2 1 7 7 4 7 0 2 7 7 7 1 0 2 1 7 7 7 6
split_gain=1255.81 766.758 679.576 668.372 725.774 1000.24 618.637 966.08 549.225 867.478 1096.85 748.494 805.546 771.481 514.101 630.496 465.231 455.282 663.114 647.296 552.559 664.985 593.266 726.991 608.877 528.802 448.901 440.617 418.658 415.02 462.997 915.944 402.817 389.542 1135.34 1727.34 2107.27 394.781 720.89
threshold=6.5000000000000009 76.365001678466811 74.475002288818374 16.500000000000004 4.5000000000000009 10.500000000000002 7.5000000000000009 73.875000000000014 3.5000000000000004 1.5000000000000002 0.94499999284744274 5.5000000000000009 2.5000000000000004 25.925000190734867 65.805000305175795 4.5000000000000009 5.5000000000000009 21.500000000000004 4.5000000000000009 19.500000000000004 2.5000000000000004 4.5000000000000009 37.32500076293946 47.995000839233406 1.0000000180025095e-35 43.18499946594239 11.500000000000002 6.5000000000000009 58.514999389648445 51.215000152587898 45.385000228881843 2.5000000000000004 3.5000000000000004 2.5000000000000004 3.5000000000000004 38.514999389648445 29.244999885559086 38.715000152587898 0.064999999478459372
decision_type=2 2 2 2 2 2 2 2 2 2 2 2 2 2 2 2 2 2 2 2 2 2 2 2 2 2 2 2 2 2 2 2 2 2 2 2 2 2 2
left_child=1 2 6 4 26 -6 7 8 9 10 -1 14 13 -13 -10 -16 32 19 -19 20 21 22 -5 24 25 -24 -2 28 -14 30 -11 -32 -8 34 37 36 -36 -28 -39
right_child=3 -3 -4 17 5 -7 16 -9 11 29 -12 12 27 -15 15 -17 -18 18 -20 -21 -22 -23 23 -25 -26 -27 33 -29 -30 -31 31 -33 -34 -35 35 -37 -38 38 -40
leaf_value=0.049466454410056308 -0.035142354198738984 0.26232713360339405 -0.20984220895916225 0.032930459442702842 0.045381367640788643 -0.016326991692007266 0.013892826153365623 0.37678470069711861 0.019459103989713598 -0.018016885238004817 0.40251356752022449 0.093335533993584782 0.088782980698880146 0.43733573051599361 0.40446622729301451 0.064659305228743455 0.044886291829734734 -0.03286326053607113 0.031825125057496843 0.036940584418661646 -0.0093725961523193728 -0.047600357258906129 0.22356795966625215 -0.014850911216155902 0.018146987835114654 0.51615334930627244 -0.048487030222254285 -0.05298578928156597 0.28934680711139332 -0.081346911972262043 -0.040868362188339238 0.37354625783239803 -0.059394633442403172 -0.016629019171856808 0.037844125088304287 -0.029956293523311618 0.67632401149187782 0.12182663570603598 -0.10251613681992661
leaf_count=506 3476 35 30 187 1081 1673 377 22 424 252 23 28 123 39 20 43 388 1360 559 1961 2476 122 47 37 22 23 236 41 33 206 30 24 373 2981 24 50 28 115 52
internal_value=0 0.593239 0.538622 -0.108407 -0.276657 0.157895 0.586747 0.949334 0.868475 0.398255 1.29633 1.52027 2.8762 5.87149 0.785229 3.45069 0.00877466 0.132205 -0.280394 0.29462 -0.00430216 1.03104 1.79664 3.44635 4.95184 6.39406 -0.448555 1.8575 2.6242 -0.529635 0.209072 2.86632 -0.451109 -0.194993 0.61718 3.59755 7.63282 -0.137157 1.03943
internal_count=19527 3017 2982 16510 9716 2754 2952 1814 1792 1041 529 751 264 67 487 63 1138 6794 1919 4875 2914 438 316 129 92 70 6962 197 156 512 306 54 750 3486 505 102 52 403 167
shrinkage=0.05


Tree=12
num_leaves=40
num_cat=0
split_feature=0 1 0 1 0 2 7 0 0 7 7 7 7 1 0 0 2 0 7 0 7 7 2 7 5 7 2 1 7 7 7 6 7 1 0 7 0 2 2
split_gain=1133.37 699.074 603.206 655.011 902.72 525.972 610.665 655.347 511.654 1450.81 494.692 432.977 545.988 406.965 635.022 405.133 400.969 517.012 511.955 2110.59 1722.87 605.316 396.318 389.169 363.197 360.893 351.562 1024.65 1558.93 1901.81 365.89 362.231 660.03 941.209 457.826 722.4 337.746 330.035 1409.06
threshold=6.5000000000000009 4.5000000000000009 16.500000000000004 4.5000000000000009 10.500000000000002 3.5000000000000004 19.404999732971195 5.5000000000000009 1.0000000180025095e-35 35.555000305175788 37.32500076293946 31.204999923706058 29.925000190734867 2.5000000000000004 20.500000000000004 11.500000000000002 7.5000000000000009 5.5000000000000009 65.134998321533217 3.5000000000000004 67.354999542236342 73.665000915527358 9.5000000000000018 74.295001983642592 1.0000000180025095e-35 52.354999542236335 2.5000000000000004 3.5000000000000004 38.514999389648445 29.244999885559086 84.61999893188478 0.054999999701976783 38.715000152587898 2.5000000000000004 14.500000000000002 47.225000381469734 3.5000000000000004 6.5000000000000009 5.5000000000000009
decision_type=2 2 2 2 2 2 2 2 2 2 2 2 2 2 2 2 2 2 2 2 2 2 2 2 2 2 2 2 2 2 2 2 2 2 2 2 2 2 2
left_child=1 16 3 15 -5 6 -3 8 9 -8 -10 12 -4 14 -14 25 18 36 24 20 -20 -22 -19 -7 -1 -2 27 31 29 -29 -28 32 -17 34 35 -34 -18 38 -6
right_child=2 5 11 4 37 23 7 -9 10 -11 -12 -13 13 -15 -16 26 17 22 19 -21 21 -23 -24 -25 -26 -27 30 28 -30 -31 -32 -33 33 -35 -36 -37 -38 -39 -40
leaf_value=0.012499750173569343 -0.016669747071605501 -0.051625383411134998 0.024043683182347078 0.043112302508815148 -0.026297124531684504 0.037869825304421165 0.44289465027470742 0.32308146312551678 -0.10341211041888676 -0.08122108112210813 0.20523261882364752 0.0018033869499101457 0.44175536088321521 0.054685450522381752 0.0925525896747907 -0.037612506275375684 -0.0035021819786666196 -0.025966942048072816 0.68109547751290467 -0.033728496857532646 0.065187373526471984 0.38190933276306499 0.092218447640174783 0.2619633586960845 0.20526622581481935 -0.048913394061891935 -0.022072337333248319 0.0359519165319701 -0.028458484858274458 0.64250780230753923 0.033104909934477116 -0.0848596146537198 -0.083045752719044685 0.36787706819096849 -0.086905782724299094 0.31665593569095318 -0.080572996133877917 -0.037572743310073209 0.1347546432189077
leaf_count=1082 1674 35 645 1081 660 619 31 53 37 23 20 6035 23 61 30 180 292 125 21 123 48 22 164 20 25 1802 2642 24 50 28 339 108 20 28 41 26 277 842 171
internal_value=0 0.563577 -0.102987 -0.262824 0.150001 1.33979 2.75945 3.5687 2.1874 4.3932 0.0976857 0.125594 0.837442 2.85487 4.88187 -0.426128 0.265061 -0.267212 0.610776 2.02667 5.6778 3.29457 0.822004 0.897674 0.337062 -0.667705 -0.185243 0.586321 3.41767 7.25118 -0.315951 -0.130299 0.443343 2.31471 0.691725 2.85745 -0.820434 -0.310213 0.13687
internal_count=19527 3017 16510 9716 2754 838 199 164 111 54 57 6794 759 114 53 6962 2179 858 1321 214 91 70 289 639 1107 3476 3486 505 102 52 2981 403 295 115 87 46 569 1673 831
shrinkage=0.05


Tree=13
num_leaves=40
num_cat=0
split_feature=0 7 7 2 1 7 1 1 6 0 2 7 6 0 1 1 7 2 0 7 7 7 7 7 1 2 2 7 1 0 7 1 2 0 7 7 0 7 1
split_gain=1022.86 661.848 647.576 561.193 697.83 536.831 627.914 554.433 1123.65 501.107 1076.69 588.532 489.707 457.953 490.881 913.057 419.035 517.306 399.153 386.251 384.999 1143.51 707.66 1100.49 1099.94 827.258 533.069 426.472 364.664 967.984 613.413 579.595 1193.25 1067.61 1429.11 5954.7 473.025 598.93 647.37
threshold=6.5000000000000009 76.365001678466811 74.475002288818374 2.5000000000000004 5.5000000000000009 74.055000305175795 3.5000000000000004 1.5000000000000002 0.9650000035762788 5.5000000000000009 4.5000000000000009 29.925000190734867 0.034999999217689044 1.0000000180025095e-35 5.5000000000000009 4.5000000000000009 39.114999771118171 2.5000000000000004 11.500000000000002 30.914999961853031 68.784999847412124 63.454999923706062 42.965000152587898 32.305000305175788 5.5000000000000009 9.5000000000000018 6.5000000000000009 48.320001602172859 3.5000000000000004 22.500000000000004 11.244999885559084 4.5000000000000009 1.5000000000000002 20.500000000000004 38.344999313354499 31.464999198913578 13.500000000000002 37.32500076293946 2.5000000000000004
decision_type=2 2 2 2 2 2 2 2 2 2 2 2 2 2 2 2 2 2 2 2 2 2 2 2 2 2 2 2 2 2 2 2 2 2 2 2 2 2 2
left_child=1 2 5 28 18 6 7 8 19 13 11 -11 16 20 15 -15 17 -13 -5 -1 21 22 23 -8 25 -25 27 -24 36 30 -30 32 -32 34 35 -34 -2 -38 -39
right_child=3 -3 -4 4 -6 -7 9 -9 -10 10 -12 12 -14 14 -16 -17 -18 -19 -20 -21 -22 -23 26 24 -26 -27 -28 -29 29 -31 31 -33 33 -35 -36 -37 37 38 -40
leaf_value=0.091666305828609587 -0.033636696093003161 0.24293280897395952 -0.20689869540433092 -0.027319302123100759 0.018562671147385489 0.25729452514648438 -0.0067595376515052694 -0.023787099737933314 0.33385431687037154 0.065177489341573511 0.039959373755354279 0.42115902494300494 0.063060593605041501 -0.06535136090857642 -0.093704503649423107 0.11162878287662018 0.49418328590691091 0.082022436740605734 -0.0073770314192494321 0.0056320477020579268 -0.073301177350587624 0.3298117638698646 -0.11648139429092408 -0.087630582374075186 0.53053521387852154 0.34123527028343897 -0.12570020940856658 0.12652046483296617 0.25872066744736266 0.23702991475998345 -0.018819563945426662 -0.0067395933667493526 0.071989345073699959 -0.15727904558181763 0.033309360374422635 1.044092831404313 -0.0087157161130564393 0.032566306924690369 0.18714708600503704
leaf_count=162 579 35 30 3554 2012 25 71 844 30 47 284 22 20 140 119 152 28 23 8535 670 43 42 25 23 26 22 69 65 28 59 153 611 50 20 51 23 509 230 96
internal_value=0 0.535398 0.484655 -0.0978374 -0.174041 0.531633 0.492222 0.100384 0.664479 1.03971 1.91803 4.18767 5.64524 0.572443 -0.162163 0.535506 6.84634 4.95645 -0.264796 0.447678 1.35463 1.70824 1.02619 2.64868 5.43256 2.44074 -0.422833 1.1804 0.348218 0.812029 0.564395 0.422236 1.56818 3.63428 4.7278 7.56537 0.0218448 0.503475 1.56174
internal_count=19527 3017 2982 16510 14101 2952 2927 1706 862 1221 424 140 93 797 411 292 73 45 12089 832 386 343 301 142 71 45 159 90 2409 995 936 908 297 144 124 73 1414 835 326
shrinkage=0.05


Tree=14
num_leaves=40
num_cat=0
split_feature=0 7 7 0 1 0 2 7 0 0 1 2 1 7 7 4 7 2 1 1 6 0 2 7 7 1 7 7 1 2 7 0 2 7 3 2 0 0 7
split_gain=923.133 597.318 584.437 512.985 561.058 822.866 489.491 812.191 417.435 585.616 576.584 466.178 580.502 519.711 658.758 553.465 487.561 510.516 414.685 729.819 918.091 588.204 639.038 613.359 450.653 546.074 380.505 420.78 826.639 376.235 487.654 375.644 372.593 394.7 361.119 376.57 413.888 431.858 360.994
threshold=6.5000000000000009 76.365001678466811 74.475002288818374 16.500000000000004 4.5000000000000009 10.500000000000002 7.5000000000000009 73.875000000000014 21.500000000000004 19.500000000000004 4.5000000000000009 2.5000000000000004 4.5000000000000009 37.32500076293946 47.995000839233406 1.0000000180025095e-35 39.364999771118171 1.5000000000000002 3.5000000000000004 1.5000000000000002 0.94499999284744274 5.5000000000000009 2.5000000000000004 25.925000190734867 65.805000305175795 4.5000000000000009 51.215000152587898 45.385000228881843 2.5000000000000004 10.500000000000002 39.854999542236335 5.5000000000000009 6.5000000000000009 58.514999389648445 1.0000000180025095e-35 3.5000000000000004 8.5000000000000018 9.5000000000000018 31.464999198913578
decision_type=2 2 2 2 2 2 2 2 2 2 2 2 2 2 2 2 2 2 2 2 2 2 2 2 2 2 2 2 2 2 2 2 2 2 2 2 2 2 2
left_child=1 2 6 4 34 -6 7 18 9 11 -10 12 13 -5 15 16 -15 -18 19 20 -1 24 23 -23 -20 -26 27 -21 -29 -12 -31 -8 33 -24 35 -2 -37 -38 -11
right_child=3 -3 -4 8 5 -7 31 -9 10 38 29 -13 -14 14 -16 -17 17 -19 21 26 -22 22 32 -25 25 -27 -28 28 -30 30 -32 -33 -34 -35 -36 36 37 -39 -40
leaf_value=0.044386093673782184 0.00072450914833510464 0.23078616789409093 -0.19655375932653746 0.029509453479459581 0.041086999362253948 -0.014883048569052093 -0.021115231438477836 0.34333112862977117 -0.031432531920864308 0.093215107341804604 0.011396844489755894 -0.0089591007323120159 -0.045638965241244583 0.10546164824204013 -0.01819870459872323 0.012869224612685769 0.23330835986137388 0.55971677095993699 0.014869933462051569 -0.017087141224109228 0.36738535191701804 0.080938491225242618 0.074780742975512168 0.38766639523017105 0.37403472974896435 0.057794785768140192 -0.077846113243366336 -0.038260573943456021 0.35543331224471331 0.044543818346524648 0.30109091268645394 0.039486172104004735 -0.053405688666715856 0.26952131390571593 0.078292172874814728 -0.054721295440191525 0.022239873164506922 -0.026181097856370347 0.026915818225286249
leaf_count=506 1557 35 30 187 1081 1673 750 22 1360 233 473 2476 122 22 37 22 25 23 424 252 23 28 123 39 20 43 206 30 24 59 27 388 41 33 93 1089 526 3697 1728
internal_value=0 0.508628 0.460423 -0.0929455 -0.240346 0.141726 0.505052 0.827579 0.117849 0.273368 -0.277228 -0.0109561 0.94002 1.65534 3.1994 4.63249 6.00753 7.79425 0.753439 0.344852 1.16859 1.3198 2.52181 5.18963 0.668202 3.16377 -0.506237 0.201086 2.73429 0.577755 2.50175 -0.00906483 1.61448 2.31952 -0.391484 -0.417984 -0.544747 -0.403 0.695866
internal_count=19527 3017 2982 16510 9716 2754 2952 1814 6794 4875 1919 2914 438 316 129 92 70 48 1792 1041 529 751 264 67 487 63 512 306 54 559 86 1138 197 156 6962 6869 5312 4223 1961
shrinkage=0.05


Tree=15
num_leaves=40
num_cat=0
split_feature=0 1 0 1 0 2 7 4 7 0 0 1 2 1 7 7 4 7 2 7 2 7 0 7 1 6 1 7 2 7 7 7 7 2 7 0 7 7 7
split_gain=833.128 542.905 462.969 506.355 742.636 434.03 525.458 816.811 783.599 376.735 528.518 520.367 420.726 523.903 469.039 594.529 499.502 446.445 374.045 350.21 397.993 593.267 341.714 478.274 340.316 450.715 844.228 417.726 699.933 391.016 1082.54 466.795 904.922 396.408 329.755 327.01 325.797 380.181 325.193
threshold=6.5000000000000009 4.5000000000000009 16.500000000000004 4.5000000000000009 10.500000000000002 3.5000000000000004 31.464999198913578 1.0000000180025095e-35 35.315000534057624 21.500000000000004 19.500000000000004 4.5000000000000009 2.5000000000000004 4.5000000000000009 37.32500076293946 47.995000839233406 1.0000000180025095e-35 43.18499946594239 2.5000000000000004 56.114999771118171 5.5000000000000009 46.514999389648445 22.500000000000004 31.744999885559086 1.0000000180025095e-35 0.99500000476837169 1.5000000000000002 68.204998016357436 7.5000000000000009 42.145000457763679 38.514999389648445 30.914999961853031 25.925000190734867 5.5000000000000009 74.295001983642592 11.500000000000002 31.464999198913578 34.055000305175788 89.255001068115249
decision_type=2 2 2 2 2 2 2 2 2 2 2 2 2 2 2 2 2 2 2 2 2 2 2 2 2 2 2 2 2 2 2 2 2 2 2 2 2 2 2
left_child=1 24 3 35 -5 6 -3 8 -8 10 12 -11 13 14 -4 16 17 -16 -10 20 22 -22 -13 -24 27 -26 -27 29 -29 30 31 32 -1 -31 -7 -2 -12 -38 -14
right_child=2 5 9 4 -6 34 7 -9 18 11 36 19 38 -15 15 -17 -18 -19 -20 -21 21 -23 23 -25 25 26 -28 28 -30 33 -32 -33 -34 -35 -36 -37 37 -39 -40
leaf_value=-0.023376489851785743 -0.029447439160965323 0.042002066224813464 0.028033980100669643 0.039032648300802018 -0.014138896236101803 0.031824536273264974 0.5228216137116154 -0.042592259883880622 0.063590778547028701 -0.029860909805797482 0.088554352437158007 -0.055678340538658881 -0.011191093564430175 -0.043357016549247215 0.19702524544393762 -0.017288765029327288 0.012225761645558206 0.4658628842105037 0.34274331688880921 -0.0173599545444761 0.050652097601716108 0.27658722245030937 0.26388291189303764 0.014148844696887554 -0.0033789251200143887 0.36405718376239143 -0.036840091144730303 0.36623146929419959 -0.0082161227862040213 -0.11971037738445788 0.39219767065346245 -0.053036134725285546 0.31679831521914292 0.031348519438299638 0.23810395002365115 -0.007774678118018262 -0.073901037691713689 0.031099572009193638 0.11400807260904673
leaf_count=46 3476 100 187 1081 1673 619 24 25 30 1360 233 88 2423 122 47 37 22 23 20 245 82 45 26 73 1690 24 29 26 24 62 25 74 34 145 20 3486 91 1637 53
internal_value=0 0.483197 -0.0882983 -0.228328 0.13464 1.16724 2.45686 4.09 5.75954 0.111957 0.259699 -0.263366 -0.0104082 0.893019 1.57257 3.03943 4.40087 5.70715 3.50504 0.548867 1.24803 2.61416 0.320228 1.59471 0.220129 0.0224742 2.89397 1.01029 3.72993 0.65801 1.74035 0.7495 2.42396 -0.277923 0.765617 -0.37191 0.661073 0.511401 -0.170223
internal_count=19527 3017 16510 9716 2754 838 199 99 74 6794 4875 1919 2914 438 316 129 92 70 50 559 314 127 187 99 2179 1743 53 436 50 386 179 154 80 207 639 6962 1961 1728 2476
shrinkage=0.05


Tree=16
num_leaves=40
num_cat=0
split_feature=2 7 0 1 7 7 0 7 2 2 7 0 1 7 7 2 0 1 2 0 7 7 0 7 7 1 7 0 0 2 1 2 7 7 4 0 7 7 7
split_gain=791.154 1044.25 826.044 786.454 611.932 1049.76 1666 572.926 503.399 459.555 556.034 341.608 271.801 910.99 559.785 459.522 895.924 501.9 1072.69 963.315 1396.06 6627.63 1365.28 484.822 1062.06 1083.16 432.554 426.593 628.624 405.776 454.961 1341.77 491.188 488.964 404.951 343.798 503.596 467.885 383.223
threshold=7.5000000000000009 59.305000305175788 6.5000000000000009 5.5000000000000009 32.864999771118171 42.674999237060554 8.5000000000000018 75.655002593994155 8.5000000000000018 10.500000000000002 49.905000686645515 11.500000000000002 3.5000000000000004 11.244999885559084 76.365001678466811 2.5000000000000004 22.500000000000004 4.5000000000000009 1.5000000000000002 20.500000000000004 35.07500076293946 28.904999732971195 12.500000000000002 43.48500061035157 44.745000839233406 4.5000000000000009 35.764999389648445 16.500000000000004 21.500000000000004 4.5000000000000009 5.5000000000000009 6.5000000000000009 80.204998016357436 84.099998474121108 1.0000000180025095e-35 11.500000000000002 23.654999732971195 29.579999923706058 19.404999732971195
decision_type=2 2 2 2 2 2 2 2 2 2 2 2 2 2 2 2 2 2 2 2 2 2 2 2 2 2 2 2 2 2 2 2 2 2 2 2 2 2 2
left_child=2 3 7 -2 -5 6 -6 -1 -3 10 -7 -8 27 -14 15 16 17 18 -15 20 21 -20 -22 -17 25 -25 -18 -4 -29 -16 -31 32 -32 -34 -30 36 -19 -38 -37
right_child=1 8 12 4 5 9 11 -9 -10 -11 -12 -13 13 14 29 23 26 35 19 -21 22 -23 -24 24 -26 -27 -28 28 34 30 31 -33 33 -35 -36 38 37 -39 -40
leaf_value=0.035982442834748045 -0.0040361202065071506 -0.013281058910865005 -0.016152334068924173 -0.046448198916684641 0.46858019859362871 0.21808009528938463 -0.065279670862051151 0.30505435168743134 -0.050137718578941351 -0.046261218799248577 0.024681011788601423 0.13641796322590713 0.27784222946502268 -0.019349370908990405 0.27471976548433308 -0.049906470514833934 0.32127070175973993 -0.11240046914470823 0.019319413716976458 -0.15122522428631782 -0.2089700339017091 1.1388287904858589 0.25604248605423463 -0.059287570204053612 -0.0033374238668799796 0.40006647579597704 0.033996046930551527 0.027992850829991252 -0.047034559236331423 0.016082143871799896 0.12034123866788803 0.0078769780519440426 0.54018624739154519 0.21047076989303937 0.059277087282911645 0.17188824388113888 0.25446424133637374 0.043336903180765073 -0.042427497683324628
leaf_count=1827 3486 1867 3336 114 39 51 26 20 1839 126 137 109 32 153 20 560 38 38 39 20 27 20 38 21 1966 33 20 1674 550 418 31 127 23 22 107 22 34 115 402
internal_value=0 -0.246966 0.164055 0.101548 1.15702 1.64432 3.61459 0.777921 -0.631403 0.552514 1.54291 1.95145 0.049366 0.241537 0.200913 0.0454532 0.633762 0.390363 1.45673 3.41569 4.45443 7.97628 1.25767 -0.17482 0.0534236 4.42858 4.44421 -0.0937022 0.234523 1.06092 0.91813 2.14636 5.46979 7.57984 -0.59441 -0.127987 1.00153 1.83027 -0.626147
internal_count=19527 7794 11733 4088 602 488 174 1847 3706 314 188 135 9886 4219 4187 3546 966 908 297 144 124 59 65 2580 2020 54 58 5667 2331 641 621 203 76 45 657 611 187 149 424
shrinkage=0.05


Tree=17
num_leaves=40
num_cat=0
split_feature=2 7 0 1 7 7 0 7 2 2 7 1 1 6 0 2 7 7 7 1 6 7 2 7 7 0 7 7 1 7 7 1 0 1 0 0 1 1 7
split_gain=714.016 942.438 745.505 709.775 552.269 947.409 1503.56 524.106 454.318 414.748 501.821 360.293 628.252 783.391 527.812 580.377 491.887 433.03 425.961 757.441 424.212 403.779 427.441 344.482 532.079 700.761 724.295 488.118 525.963 342.763 379.995 745.375 331.135 314.876 308.301 290.722 640.545 555.853 493.761
threshold=7.5000000000000009 59.305000305175788 6.5000000000000009 5.5000000000000009 32.864999771118171 42.674999237060554 8.5000000000000018 74.055000305175795 8.5000000000000018 10.500000000000002 49.905000686645515 3.5000000000000004 1.5000000000000002 0.94499999284744274 5.5000000000000009 4.5000000000000009 29.925000190734867 53.405000686645515 65.805000305175795 5.5000000000000009 0.034999999217689044 39.114999771118171 2.5000000000000004 23.654999732971195 53.405000686645515 3.5000000000000004 68.395000457763686 42.145000457763679 1.0000000180025095e-35 51.215000152587898 45.385000228881843 2.5000000000000004 3.5000000000000004 1.0000000180025095e-35 11.500000000000002 1.0000000180025095e-35 5.5000000000000009 4.5000000000000009 34.844999313354499
decision_type=2 2 2 2 2 2 2 2 2 2 2 2 2 2 2 2 2 2 2 2 2 2 2 2 2 2 2 2 2 2 2 2 2 2 2 2 2 2 2
left_child=2 3 7 -2 -5 6 -6 11 -3 10 -7 12 13 23 18 16 -16 -17 35 -20 21 22 -18 33 27 26 -26 28 -25 30 32 -32 -14 -1 -8 38 37 -37 -13
right_child=1 8 -4 4 5 9 34 -9 -10 -11 -12 14 29 -15 15 17 20 -19 19 -21 -22 -23 -24 24 25 -27 -28 -29 -30 -31 31 -33 -34 -35 -36 36 -38 -39 -40
leaf_value=0.023300400722239697 -0.0038343159942735442 -0.012617006256426153 0.0023448850909492365 -0.044125790021529325 0.44515119384114565 0.20717608335555771 -0.062015689794833843 0.20000883719573417 -0.047630833223707217 -0.043948156463484919 0.023446961658170624 0.1726339074431873 -0.10932938685561991 0.33721464405889101 0.053870801849568141 0.19900024833698426 0.37303222065622155 -0.016782773438320363 0.26616857150061562 -0.093149134389717475 0.048315350711345677 0.45730333486551117 0.064756525113530791 0.11511075477628561 0.34900989336211508 0.016158870804132124 -0.012085577149298929 -0.1100398269040299 -0.057771017770657601 -0.07509245918417555 -0.037810415426890058 0.33603146562042335 0.018080839704084136 0.24825607436043878 0.12959706308918262 -0.069736640799192742 -0.16263158903457225 0.11383683553320312 0.0010295770617563334
leaf_count=28 3486 1867 9886 114 39 51 26 48 1839 126 137 61 71 23 47 31 22 93 44 22 20 28 23 89 41 109 21 97 87 209 30 24 181 35 109 81 64 84 134
internal_value=0 -0.234618 0.155852 0.0964704 1.09917 1.5621 3.43386 0.739025 -0.599833 0.524888 1.46577 0.652013 0.271876 1.03619 1.17886 2.31872 3.71412 0.74326 0.564734 2.92792 5.04665 6.16455 4.30938 0.777247 0.46675 1.84993 4.53407 -0.39964 0.593043 -0.514704 0.159522 2.56683 -0.35633 2.96552 1.85388 0.196879 -0.567231 0.474379 1.09422
internal_count=19527 7794 11733 4088 602 488 174 1847 3706 314 188 1799 1045 530 754 264 140 124 490 66 93 73 45 507 444 171 62 273 176 515 306 54 252 63 135 424 229 165 195
shrinkage=0.05


Tree=18
num_leaves=40
num_cat=0
split_feature=2 7 0 1 7 7 7 2 7 0 7 7 2 2 3 1 7 7 6 1 7 7 1 0 7 1 1 7 7 7 7 0 1 2 7 3 1 7 7
split_gain=644.4 850.551 672.818 640.572 519.243 484.259 426.442 616.245 1487.41 540.736 500.243 1163.01 410.022 304.405 262.397 704.775 383.944 293.935 669.628 758.567 1551.79 362.562 721.528 1461.38 628.176 613.453 659.066 624.757 306.371 597.518 252.578 257.177 550.468 314.745 302.488 245.32 245.3 822.168 505.206
threshold=7.5000000000000009 59.305000305175788 6.5000000000000009 5.5000000000000009 23.654999732971195 75.655002593994155 56.375000000000007 10.500000000000002 44.745000839233406 8.5000000000000018 43.18499946594239 35.555000305175788 8.5000000000000018 9.5000000000000018 1.0000000180025095e-35 2.5000000000000004 59.965000152587898 33.145000457763679 0.085000000894069686 5.5000000000000009 28.904999732971195 58.514999389648445 1.5000000000000002 3.5000000000000004 68.395000457763686 3.5000000000000004 5.5000000000000009 61.174999237060554 65.805000305175795 71.545001983642592 23.654999732971195 3.5000000000000004 1.5000000000000002 1.5000000000000002 20.304999351501468 1.5000000000000002 3.5000000000000004 11.244999885559084 76.365001678466811
decision_type=2 2 2 2 2 2 2 2 2 2 2 2 2 2 2 2 2 2 2 2 2 2 2 2 2 2 2 2 2 2 2 2 2 2 2 2 2 2 2
left_child=2 3 5 -2 -5 14 7 8 -6 10 11 -9 35 -10 17 -16 -17 18 19 30 -21 -19 23 24 -23 -24 27 -27 -29 -30 31 33 -33 -1 -34 -3 -4 -38 -39
right_child=1 12 36 4 6 -7 -8 9 13 -11 -12 -13 -14 -15 15 16 -18 21 -20 20 -22 22 25 -25 -26 26 -28 28 29 -31 -32 32 34 -35 -36 -37 37 38 -40
leaf_value=-0.1558838828156392 -0.0036425983766861939 -0.014930364613919434 -0.0045680980073943373 -0.14708356049753005 0.53322405879912171 0.27980119585990909 -0.05858718426898122 0.059165880420515619 0.22471077512292303 0.0098405356324619535 -0.015209845757042921 0.54821275278925896 -0.045249290969967236 0.050129530366827206 -0.075788650489770459 0.41400151208043101 0.11130848902870308 -0.003045144474659318 0.3463724970817566 0.02872955585137392 0.56184308379888537 0.52326287063104771 -0.074556481090257878 0.031908475178244869 0.15637175220996144 0.29782364227269825 -0.073309169604132571 -0.062227695128496956 0.22860439734326468 -0.080324311554431926 -0.013399929299286182 0.2459455808831586 0.088959242141357184 0.11268463818356396 -0.13099008906971327 0.099587113022183385 0.26383286481141116 0.0020417842640527311 0.05027621901200361
leaf_count=24 3486 1819 5667 31 23 20 64 31 34 278 27 20 1839 94 26 20 22 837 20 39 21 28 128 95 20 38 60 34 45 24 205 45 54 20 22 48 32 3546 641
internal_value=0 -0.222887 0.148059 0.0916469 1.04421 0.702074 1.26061 1.56765 3.26046 0.849629 3.17634 5.01898 -0.569841 1.93005 0.6485 2.57597 5.10896 0.573987 1.27119 1.0081 4.30639 0.334309 1.03514 2.9105 7.40783 0.220012 1.30969 2.49092 1.21236 2.42302 0.473247 1.39419 2.14704 -0.676146 0.505794 -0.239723 0.0445528 0.227115 0.188523
internal_count=19527 7794 11733 4088 602 1847 571 507 151 356 78 51 3706 128 1827 68 42 1759 450 430 60 1309 472 143 48 329 201 141 103 69 370 165 121 44 76 1867 9886 4219 4187
shrinkage=0.05


end of trees

feature importances:
Column_7=276
Column_0=183
Column_1=137
Column_2=99
Column_6=24
Column_4=14
Column_5=5
Column_3=3

parameters:
[boosting: gbdt]
[objective: regression]
[metric: rmse]
[tree_learner: serial]
[device_type: cpu]
[data: ]
[valid: ]
[num_iterations: 100]
[learning_rate: 0.05]
[num_leaves: 40]
[num_threads: 0]
[max_depth: -1]
[min_data_in_leaf: 20]
[min_sum_hessian_in_leaf: 0.001]
[bagging_fraction: 1]
[bagging_freq: 0]
[bagging_seed: 3]
[feature_fraction: 1]
[feature_fraction_seed: 2]
[early_stopping_round: 0]
[max_delta_step: 0]
[lambda_l1: 0]
[lambda_l2: 0]
[min_gain_to_split: 0]
[drop_rate: 0.1]
[max_drop: 50]
[skip_drop: 0.5]
[xgboost_dart_mode: 0]
[uniform_drop: 0]
[drop_seed: 4]
[top_rate: 0.2]
[other_rate: 0.1]
[min_data_per_group: 100]
[max_cat_threshold: 32]
[cat_l2: 10]
[cat_smooth: 10]
[max_cat_to_onehot: 4]
[top_k: 20]
[monotone_constraints: ]
[feature_contri: ]
[forcedsplits_filename: ]
[refit_decay_rate: 0.9]
[verbosity: 1]
[max_bin: 255]
[min_data_in_bin: 3]
[bin_construct_sample_cnt: 200000]
[histogram_pool_size: -1]
[data_random_seed: 1]
[output_model: LightGBM_model.txt]
[snapshot_freq: -1]
[input_model: ]
[output_result: LightGBM_predict_result.txt]
[initscore_filename: ]
[valid_data_initscores: ]
[pre_partition: 0]
[enable_bundle: 1]
[max_conflict_rate: 0]
[is_enable_sparse: 1]
[sparse_threshold: 0.8]
[use_missing: 1]
[zero_as_missing: 0]
[two_round: 0]
[save_binary: 0]
[enable_load_from_binary_file: 1]
[header: 0]
[label_column: ]
[weight_column: ]
[group_column: ]
[ignore_column: ]
[categorical_feature: ]
[predict_raw_score: 0]
[predict_leaf_index: 0]
[predict_contrib: 0]
[num_iteration_predict: -1]
[pred_early_stop: 0]
[pred_early_stop_freq: 10]
[pred_early_stop_margin: 10]
[convert_model_language: ]
[convert_model: gbdt_prediction.cpp]
[num_class: 1]
[is_unbalance: 0]
[scale_pos_weight: 1]
[sigmoid: 1]
[boost_from_average: 1]
[reg_sqrt: 0]
[alpha: 0.9]
[fair_c: 1]
[poisson_max_delta_step: 0.7]
[tweedie_variance_power: 1.5]
[max_position: 20]
[label_gain: ]
[metric_freq: 1]
[is_provide_training_metric: 0]
[eval_at: ]
[num_machines: 1]
[local_listen_port: 12400]
[time_out: 120]
[machine_list_filename: ]
[machines: ]
[gpu_platform_id: -1]
[gpu_device_id: -1]
[gpu_use_dp: 0]

end of parameters

pandas_categorical:null
