tree
version=v2
num_class=1
num_tree_per_iteration=1
label_index=0
max_feature_idx=8
objective=regression
feature_names=Column_0 Column_1 Column_2 Column_3 Column_4 Column_5 Column_6 Column_7 Column_8
feature_infos=[0:23] [0:6] [1:12] [0:2] none [0:1] [0:1] [0:1] [-9.5:95.790000915527344]
tree_sizes=703 727 732 709 730 721 715 721 719 716 731 725 716 715 729 718 715 719 717

Tree=0
num_leaves=8
num_cat=0
split_feature=2 0 0 8 0 0 0
split_gain=4506.95 3832.61 6561.45 4218 1331.13 1127.96 1015.27
threshold=9.5000000000000018 1.5000000000000002 1.0000000180025095e-35 55.23500061035157 20.500000000000004 6.5000000000000009 1.0000000180025095e-35
decision_type=2 2 2 2 2 2 2
left_child=1 2 -1 -4 -3 6 -2
right_child=5 4 3 -5 -6 -7 -8
leaf_value=3.4170503786684225 3.2124495244346054 3.4267763756479064 3.6559961559691234 4.329049116321797 3.5330520133588221 3.2833818053192623 3.5561509632220805
leaf_count=667 171 10376 278 259 2029 3019 448
internal_value=0 0.266572 1.96998 4.57171 0.101243 -0.986435 0.243273
internal_count=17247 13609 1204 537 12405 3638 619
shrinkage=1


Tree=1
num_leaves=8
num_cat=0
split_feature=1 0 0 2 0 0 0
split_gain=3605.39 3328.54 2528.55 2301.57 1844.17 1676.78 3983.8
threshold=4.5000000000000009 6.5000000000000009 12.500000000000002 9.5000000000000018 10.500000000000002 1.0000000180025095e-35 1.5000000000000002
decision_type=2 2 2 2 2 2 2
left_child=1 5 -3 4 -2 -1 -7
right_child=3 2 -4 -5 -6 6 -8
leaf_value=-0.071324714310591841 0.25123012266750833 -0.14340294340225565 -0.018644701401166471 -0.069693826701777511 0.072783402638920275 0.44191331863403321 0.035439465181764516
leaf_count=598 1257 3601 6677 1031 2478 508 1097
internal_value=0 -0.280538 -0.519625 0.741886 1.10699 0.83491 1.36744
internal_count=17247 12481 10278 4766 3735 2203 1605
shrinkage=0.12


Tree=2
num_leaves=8
num_cat=0
split_feature=2 1 2 3 2 8 2
split_gain=3164.43 2902.83 1231.79 500.787 397.752 384.562 343.07
threshold=9.5000000000000018 4.5000000000000009 4.5000000000000009 1.0000000180025095e-35 8.5000000000000018 58.034999847412116 5.5000000000000009
decision_type=2 2 2 2 2 2 2
left_child=1 4 5 -4 6 -3 -1
right_child=-2 2 3 -5 -6 -7 -8
leaf_value=-0.018228924578499162 -0.099204603863896415 0.058374807368561418 0.20772189897277374 0.056991669383584229 -0.087117398830076451 -0.14421675179455731 0.029966390692842331
leaf_count=5633 3638 1527 1668 392 824 148 3417
internal_value=0 0.223224 0.974152 1.49199 -0.0608274 0.337285 -0.000265539
internal_count=17247 13609 3735 2060 9874 1675 9050
shrinkage=0.12


Tree=3
num_leaves=8
num_cat=0
split_feature=0 0 8 1 0 2 1
split_gain=2454.79 4897.92 2782.5 2481 1487.76 1260.54 1661.01
threshold=1.5000000000000002 1.0000000180025095e-35 56.305000305175788 4.5000000000000009 10.500000000000002 8.5000000000000018 1.5000000000000002
decision_type=2 2 2 2 2 2 2
left_child=1 -1 -3 -2 -5 6 -4
right_child=3 2 5 4 -6 -7 -8
leaf_value=-0.050335637680599392 -0.043406427546005981 0.19107558051840617 1.4000866953531901 0.17696167745124905 0.019821348899904806 0.21530759865329377 0.62394652456045152
leaf_count=838 11375 429 54 1199 3139 63 150
internal_value=0 1.20899 3.16969 -0.116332 0.527117 5.70415 6.91163
internal_count=17247 1534 696 15713 4338 267 204
shrinkage=0.12


Tree=4
num_leaves=8
num_cat=0
split_feature=2 1 2 3 2 8 8
split_gain=2418.02 1813.24 934.613 342.422 298.711 296.185 277.017
threshold=9.5000000000000018 4.5000000000000009 4.5000000000000009 1.0000000180025095e-35 8.5000000000000018 58.034999847412116 49.014999389648445
decision_type=2 2 2 2 2 2 2
left_child=1 4 5 -4 -1 -3 -2
right_child=6 2 3 -5 -6 -7 -8
leaf_value=0.0027526842760776287 -0.062592563039119309 0.043753339131829307 0.17245981632638052 0.047820645011201195 -0.072715726413773094 -0.13404187898378114 -0.13214813793843475
leaf_count=9050 2375 1527 1668 392 824 148 1263
internal_value=0 0.194954 0.788447 1.23952 -0.0295439 0.233697 -0.722834
internal_count=17247 13609 3735 2060 9874 1675 3638
shrinkage=0.12


Tree=5
num_leaves=8
num_cat=0
split_feature=2 0 0 8 1 0 0
split_gain=2169.06 1785.64 2284.1 2352.53 1928.84 1376.16 1375.13
threshold=9.5000000000000018 1.5000000000000002 1.0000000180025095e-35 53.475000381469734 4.5000000000000009 10.500000000000002 6.5000000000000009
decision_type=2 2 2 2 2 2 2
left_child=1 2 -1 -4 -3 6 -6
right_child=-2 4 3 -5 5 -7 -8
leaf_value=0.0098990552145533442 -0.080950187386549854 -0.019306873603718449 0.086562809819703559 0.57738331255008435 -0.054253276550324157 0.040413540179478541 0.2930507148580348
leaf_count=656 3626 8987 273 290 214 2496 705
internal_value=0 0.195726 1.35061 2.82819 0.0822125 0.721969 1.76814
internal_count=17247 13621 1219 563 12402 3415 919
shrinkage=0.12


Tree=6
num_leaves=8
num_cat=0
split_feature=2 0 0 8 0 8 2
split_gain=1746.77 1354.68 1709.41 2135.87 905.16 528.207 427.873
threshold=8.5000000000000018 1.5000000000000002 1.0000000180025095e-35 57.764999389648445 16.500000000000004 63.164999008178718 1.5000000000000002
decision_type=2 2 2 2 2 2 2
left_child=1 2 -1 6 -3 -5 -4
right_child=-2 4 3 5 -6 -7 -8
leaf_value=0.013673384893660578 -0.060624234245633714 -0.013774558560831592 -0.16094980147751894 0.92780326799438761 0.055991241945005307 0.49420474027374789 0.18468258808114391
leaf_count=596 4747 7091 66 55 4303 153 236
internal_value=0 0.207339 1.26397 2.60792 0.104774 5.07382 0.909559
internal_count=17247 12500 1106 510 11394 208 302
shrinkage=0.12


Tree=7
num_leaves=8
num_cat=0
split_feature=2 1 0 0 8 1 8
split_gain=1353.16 1272.75 1313.98 1055.16 1183.43 1089.24 1055.77
threshold=9.5000000000000018 4.5000000000000009 1.5000000000000002 1.0000000180025095e-35 51.055000305175788 1.0000000180025095e-35 58.835000991821296
decision_type=2 2 2 2 2 2 2
left_child=1 2 3 5 -5 -1 -6
right_child=-2 -3 -4 4 6 -7 -8
leaf_value=0.39475300279156916 -0.063961250847847637 0.077854941805351435 -0.017762766343689465 0.065357585239167112 0.98326103630273243 -0.076775023458630409 0.33315293966640125
leaf_count=87 3626 3767 8987 196 46 373 165
internal_value=0 0.154395 -0.0346029 1.14107 2.31389 0.103377 3.95736
internal_count=17247 13621 9854 867 407 460 211
shrinkage=0.12


Tree=8
num_leaves=8
num_cat=0
split_feature=2 1 0 0 2 1 2
split_gain=1100.98 885.823 1132.93 1004.39 995.814 1153.83 981.733
threshold=8.5000000000000018 4.5000000000000009 1.5000000000000002 16.500000000000004 5.5000000000000009 1.5000000000000002 4.5000000000000009
decision_type=2 2 2 2 2 2 2
left_child=1 2 4 -4 -1 -6 -3
right_child=-2 6 3 -5 5 -7 -8
leaf_value=0.029766925114282167 -0.048156414878738472 0.0070410777659903109 -0.045208242979243238 0.041269143373935252 0.60061658342005841 0.1228565356229481 0.13542400520963602
leaf_count=483 4747 1704 5198 3080 118 190 1727
internal_value=0 0.16439 0.000651889 -0.108605 1.14405 2.54912 0.59719
internal_count=17247 12500 9069 8278 791 308 3431
shrinkage=0.12


Tree=9
num_leaves=8
num_cat=0
split_feature=2 0 0 8 0 8 8
split_gain=852.595 648.874 1105.03 1400.94 532.554 407.873 357.491
threshold=8.5000000000000018 1.5000000000000002 1.0000000180025095e-35 57.764999389648445 16.500000000000004 63.164999008178718 61.145000457763679
decision_type=2 2 2 2 2 2 2
left_child=1 2 -1 -4 -3 6 -5
right_child=-2 4 3 5 -6 -7 -8
leaf_value=-0.0058431024391879171 -0.042377644321442351 -0.011368151945317435 0.069723696556707085 0.49532901316881178 0.042145130952381683 0.37367974222875111 1.1155641479077545
leaf_count=596 4747 7091 302 32 4303 153 23
internal_value=0 0.144663 0.875946 1.9565 0.0736783 3.95359 6.28917
internal_count=17247 12500 1106 510 11394 208 55
shrinkage=0.12


Tree=10
num_leaves=8
num_cat=0
split_feature=1 0 0 0 0 0 0
split_gain=785.569 1145.4 1098.98 1589.96 777.316 674.766 547.153
threshold=4.5000000000000009 10.500000000000002 6.5000000000000009 12.500000000000002 1.0000000180025095e-35 6.5000000000000009 13.500000000000002
decision_type=2 2 2 2 2 2 2
left_child=2 5 4 -4 -1 -2 -5
right_child=1 -3 3 6 -6 -7 -8
leaf_value=-0.055350425608077292 0.035117577107275942 -0.0008453144798806425 -0.095694472540484812 0.10955233897247382 0.10615246728138365 0.19088247776290082 -0.0082077624217032595
leaf_count=590 708 3127 3644 627 1574 922 6055
internal_value=0 0.347231 -0.130299 -0.266092 0.517665 1.02688 0.0236847
internal_count=17247 4757 12490 10326 2164 1630 6682
shrinkage=0.12


Tree=11
num_leaves=8
num_cat=0
split_feature=1 0 0 0 8 5 2
split_gain=608.344 898.615 851.049 1231.26 785.476 715.597 794.134
threshold=4.5000000000000009 11.500000000000002 6.5000000000000009 12.500000000000002 68.405002593994155 1.0000000180025095e-35 5.5000000000000009
decision_type=2 2 2 2 2 2 2
left_child=2 4 -1 -4 -2 6 -6
right_child=1 -3 3 -5 5 -7 -8
leaf_value=0.054665413890756978 0.063586410176214123 -0.0052342179718107475 -0.084211129871995472 0.0025011029299844777 0.92911007778985155 0.88035924439430235 0.16682128368856045
leaf_count=2164 1507 2891 3644 6682 21 25 313
internal_value=0 0.305564 -0.114663 -0.234161 0.846553 2.17584 1.78958
internal_count=17247 4757 12490 10326 1866 359 334
shrinkage=0.12


Tree=12
num_leaves=8
num_cat=0
split_feature=2 1 2 7 8 8 2
split_gain=524.675 305.021 479.685 514.474 351.676 319.937 366.623
threshold=8.5000000000000018 4.5000000000000009 2.5000000000000004 0.074999999254941954 18.365000724792484 81.365001678466811 6.5000000000000009
decision_type=2 2 2 2 2 2 2
left_child=1 -1 3 4 -3 -4 -7
right_child=-2 2 5 -5 -6 6 -8
leaf_value=0.0015650047757386504 -0.033842405163199182 0.15362875071388701 0.083667405083161367 0.15956268007242227 -0.11288812653407329 0.1641704583090621 -0.1471925405148537
leaf_count=9100 4745 81 2305 158 595 77 186
internal_value=0 0.108546 0.364009 -0.2949 -0.674612 0.578001 -0.466942
internal_count=17247 12502 3402 834 676 2568 263
shrinkage=0.12


Tree=13
num_leaves=8
num_cat=0
split_feature=2 8 2 8 1 8 3
split_gain=406.308 288.449 274.963 443.717 322.577 373.433 306.408
threshold=8.5000000000000018 82.694999694824233 5.5000000000000009 61.68499946594239 5.5000000000000009 58.835000991821296 1.0000000180025095e-35
decision_type=2 2 2 2 2 2 2
left_child=2 -2 -1 4 6 -6 -4
right_child=1 -3 3 -5 5 -7 -8
leaf_value=-0.0024917882971675622 -0.032865292007142451 0.25406538400579903 0.080889804277624655 0.021803863308678791 0.79842795886776663 0.16750041716439384 0.49849441183937915
leaf_count=7742 4694 51 402 4274 22 35 27
internal_value=0 -0.248178 0.0955202 0.284655 1.19007 3.42514 0.893105
internal_count=17247 4745 12502 4760 486 57 429
shrinkage=0.12


Tree=14
num_leaves=8
num_cat=0
split_feature=0 8 0 1 0 0 8
split_gain=394.465 706.859 628.496 623.003 1204.17 947.177 575.794
threshold=6.5000000000000009 77.514999389648452 1.0000000180025095e-35 4.5000000000000009 10.500000000000002 12.500000000000002 63.944999694824226
decision_type=2 2 2 2 2 2 2
left_child=1 2 6 5 -5 -2 -1
right_child=3 -3 -4 4 -6 -7 -8
leaf_value=-0.11068198693242574 -0.072868270832272375 0.71829234123229979 0.071287719965935331 0.15240174411822296 -0.0036502518643558666 0.0031854482779105965 0.12269163232776198
leaf_count=618 3644 22 2030 922 3127 6682 202
internal_value=0 0.339191 0.295603 -0.0667517 0.265704 -0.197113 -0.44327
internal_count=17247 2872 2850 14375 4049 10326 820
shrinkage=0.12


Tree=15
num_leaves=8
num_cat=0
split_feature=1 2 2 2 8 7 7
split_gain=408.7 329.496 285.096 243.92 666.416 393.043 391.771
threshold=5.5000000000000009 4.5000000000000009 8.5000000000000018 8.5000000000000018 81.055000305175795 0.60500001907348644 0.064999999478459372
decision_type=2 2 2 2 2 2 2
left_child=2 -2 -1 4 5 6 -3
right_child=1 3 -4 -5 -6 -7 -8
leaf_value=-0.00021394482738332487 -0.016731677491814621 0.16713451691090114 -0.037347810618504937 0.022190051308980729 -0.10182685484836815 -0.15829473089426757 0.48958566373586648
leaf_count=10851 824 567 4103 637 157 48 60
internal_value=0 0.366709 -0.0866878 0.650616 1.00717 1.43879 1.64993
internal_count=17247 2293 14954 1469 832 675 627
shrinkage=0.12


Tree=16
num_leaves=8
num_cat=0
split_feature=1 0 8 0 0 1 8
split_gain=317.472 433.038 724.192 405.752 397.457 509.156 448.572
threshold=4.5000000000000009 10.500000000000002 62.444999694824226 6.5000000000000009 22.500000000000004 5.5000000000000009 45.73500061035157
decision_type=2 2 2 2 2 2 2
left_child=-1 2 3 -2 -3 -6 -7
right_child=1 4 -4 -5 5 6 -8
leaf_value=-0.012833423054420123 -0.050663254189976421 -0.015277398524203283 0.20178100792593076 0.088669658596713122 -0.02075899894120263 0.079335482693635495 0.56471118410085808
leaf_count=12492 559 2856 456 652 122 52 58
internal_value=0 0.196666 0.607399 0.202944 -0.0250598 1.2337 2.79384
internal_count=17247 4755 1667 1211 3088 232 110
shrinkage=0.12


Tree=17
num_leaves=8
num_cat=0
split_feature=1 0 0 0 8 8 0
split_gain=255.632 661.787 709.468 529.726 503.764 648.367 269.144
threshold=5.5000000000000009 19.500000000000004 1.5000000000000002 6.5000000000000009 66.564998626708999 69.575000762939467 1.0000000180025095e-35
decision_type=2 2 2 2 2 2 2
left_child=6 2 -2 -4 -3 -6 -1
right_child=1 4 3 -5 5 -7 -8
leaf_value=-0.079702715088333029 0.21446679676107586 0.0952706039761161 -0.3015135194409278 -0.0066194616891220555 1.0098989413976669 0.2505144604093888 -0.0045514919112762927
leaf_count=721 203 348 93 1544 20 85 14233
internal_value=0 0.290454 0.0238929 -0.194773 1.37318 3.29299 -0.0681239
internal_count=17247 2293 1840 1637 453 105 14954
shrinkage=0.12


Tree=18
num_leaves=8
num_cat=0
split_feature=2 0 0 0 1 8 8
split_gain=235.083 340.462 384.087 259.254 526.886 433.918 444.35
threshold=8.5000000000000018 6.5000000000000009 5.5000000000000009 20.500000000000004 5.5000000000000009 66.564998626708999 73.325000762939467
decision_type=2 2 2 2 2 2 2
left_child=3 2 -2 -1 -5 -6 -7
right_child=1 -3 -4 4 5 6 -8
leaf_value=-0.00075148083462349869 -0.0035152394354343412 -0.039561107106131067 0.18373640913829623 0.022805212529469803 0.11994070186249671 0.75865558544794709 0.10010761063098908
leaf_count=10649 600 3926 214 1611 186 36 25
internal_value=0 -0.207641 0.380942 0.0538765 0.398558 1.75854 4.07299
internal_count=17247 4740 814 12507 1858 247 61
shrinkage=0.12


end of trees

feature importances:
Column_0=50
Column_2=28
Column_8=28
Column_1=20
Column_3=3
Column_7=3
Column_5=1

parameters:
[boosting: gbdt]
[objective: regression]
[metric: rmse]
[tree_learner: serial]
[device_type: cpu]
[data: ]
[valid: ]
[num_iterations: 100]
[learning_rate: 0.12]
[num_leaves: 8]
[num_threads: 0]
[max_depth: -1]
[min_data_in_leaf: 20]
[min_sum_hessian_in_leaf: 0.001]
[bagging_fraction: 0.8]
[bagging_freq: 5]
[bagging_seed: 3]
[feature_fraction: 0.9]
[feature_fraction_seed: 2]
[early_stopping_round: 0]
[max_delta_step: 0]
[lambda_l1: 0]
[lambda_l2: 0]
[min_gain_to_split: 0]
[drop_rate: 0.1]
[max_drop: 50]
[skip_drop: 0.5]
[xgboost_dart_mode: 0]
[uniform_drop: 0]
[drop_seed: 4]
[top_rate: 0.2]
[other_rate: 0.1]
[min_data_per_group: 100]
[max_cat_threshold: 32]
[cat_l2: 10]
[cat_smooth: 10]
[max_cat_to_onehot: 4]
[top_k: 20]
[monotone_constraints: ]
[feature_contri: ]
[forcedsplits_filename: ]
[refit_decay_rate: 0.9]
[verbosity: 0]
[max_bin: 255]
[min_data_in_bin: 3]
[bin_construct_sample_cnt: 200000]
[histogram_pool_size: -1]
[data_random_seed: 1]
[output_model: LightGBM_model.txt]
[snapshot_freq: -1]
[input_model: ]
[output_result: LightGBM_predict_result.txt]
[initscore_filename: ]
[valid_data_initscores: ]
[pre_partition: 0]
[enable_bundle: 1]
[max_conflict_rate: 0]
[is_enable_sparse: 1]
[sparse_threshold: 0.8]
[use_missing: 1]
[zero_as_missing: 0]
[two_round: 0]
[save_binary: 0]
[enable_load_from_binary_file: 1]
[header: 0]
[label_column: ]
[weight_column: ]
[group_column: ]
[ignore_column: ]
[categorical_feature: ]
[predict_raw_score: 0]
[predict_leaf_index: 0]
[predict_contrib: 0]
[num_iteration_predict: -1]
[pred_early_stop: 0]
[pred_early_stop_freq: 10]
[pred_early_stop_margin: 10]
[convert_model_language: ]
[convert_model: gbdt_prediction.cpp]
[num_class: 1]
[is_unbalance: 0]
[scale_pos_weight: 1]
[sigmoid: 1]
[boost_from_average: 1]
[reg_sqrt: 0]
[alpha: 0.9]
[fair_c: 1]
[poisson_max_delta_step: 0.7]
[tweedie_variance_power: 1.5]
[max_position: 20]
[label_gain: ]
[metric_freq: 1]
[is_provide_training_metric: 0]
[eval_at: ]
[num_machines: 1]
[local_listen_port: 12400]
[time_out: 120]
[machine_list_filename: ]
[machines: ]
[gpu_platform_id: -1]
[gpu_device_id: -1]
[gpu_use_dp: 0]

end of parameters

pandas_categorical:null
