tree
version=v2
num_class=1
num_tree_per_iteration=1
label_index=0
max_feature_idx=8
objective=regression
feature_names=Column_0 Column_1 Column_2 Column_3 Column_4 Column_5 Column_6 Column_7 Column_8
feature_infos=[0:23] [0:6] [1:12] [0:2] none [0:1] [0:1] [0:1] [-10.159999847412109:95.629997253417969]
tree_sizes=698 717 709 713 704 717 712 721 722 719 720 722 716 716 724 706 710 721 726 722

Tree=0
num_leaves=8
num_cat=0
split_feature=0 0 8 8 2 0 8
split_gain=27984.4 14714.8 9018.29 1938.38 1681.4 1543.53 1309.76
threshold=4.5000000000000009 1.0000000180025095e-35 48.635000228881843 42.284999847412116 11.500000000000002 6.5000000000000009 38.93499946594239
decision_type=2 2 2 2 2 2 2
left_child=1 3 6 -1 5 -4 -2
right_child=2 -3 4 -5 -6 -7 -8
leaf_value=3.7759590410040476 3.5125749959752222 4.2977089384265472 3.5397929069215763 3.3893530059711883 3.9501017460277805 3.2681882422614152 3.399230979836644
leaf_count=313 4081 723 313 463 54 8062 2293
internal_value=0 4.1267 -0.407523 1.10247 -1.08627 -1.12213 0.490049
internal_count=16302 1499 14803 776 8429 8375 6374
shrinkage=1


Tree=1
num_leaves=8
num_cat=0
split_feature=0 0 8 8 1 8 2
split_gain=21671.1 11395.1 6983.76 1501.08 1350.2 1394.84 1302.08
threshold=4.5000000000000009 1.0000000180025095e-35 48.635000228881843 42.284999847412116 4.5000000000000009 31.32499980926514 11.500000000000002
decision_type=2 2 2 2 2 2 2
left_child=1 3 4 -1 5 -2 -4
right_child=2 -3 6 -5 -6 -7 -8
leaf_value=0.31940887824034153 0.1137819379068034 0.77854879036978564 -0.11849679646563174 -0.020804436206817625 0.14124415028624157 -0.027605965282219546 0.47265445571806697
leaf_count=313 1478 723 8375 463 1758 3138 54
internal_value=0 3.63149 -0.35862 0.970173 0.431243 0.147209 -0.955913
internal_count=16302 1499 14803 776 6374 4616 8429
shrinkage=0.12


Tree=2
num_leaves=8
num_cat=0
split_feature=8 2 7 8 1 1 8
split_gain=7216.82 2115.74 2493.27 823.938 600.698 542.227 577.329
threshold=38.93499946594239 9.5000000000000018 0.99500000476837169 56.424999237060554 5.5000000000000009 4.5000000000000009 51.32500076293946
decision_type=2 2 2 2 2 2 2
left_child=4 -2 5 -4 -1 -3 -7
right_child=1 2 3 -5 -6 6 -8
leaf_value=0.11122809032742494 -0.072843109387428981 -0.0075454052565432543 0.48043159872293473 1.3485155045986175 0.24022994567101921 0.2435747103065741 -0.0016137102305182355
leaf_count=4019 9638 1396 74 20 597 305 253
internal_value=0 -0.410884 0.51217 5.54275 1.06594 0.270166 1.10338
internal_count=16302 11686 2048 94 4616 1954 558
shrinkage=0.12


Tree=3
num_leaves=8
num_cat=0
split_feature=0 0 8 0 8 1 2
split_gain=16633.7 8803.88 4274.03 1167.18 1017.2 962.927 1023.34
threshold=4.5000000000000009 1.0000000180025095e-35 48.635000228881843 6.5000000000000009 42.284999847412116 4.5000000000000009 7.5000000000000009
decision_type=2 2 2 2 2 2 2
left_child=1 4 -2 -4 -1 6 -3
right_child=2 5 3 -5 -6 -7 -8
leaf_value=0.26807433127000119 0.036345870697144379 0.90306025497859044 0.13313288771043158 -0.1026588418352626 -0.011986031336609283 0.47009777936599279 0.54991870500565698
leaf_count=313 6374 321 314 8115 463 215 187
internal_value=0 3.18071 -0.315029 -0.782292 0.841471 5.69143 6.44221
internal_count=16302 1499 14803 8429 776 723 508
shrinkage=0.12


Tree=4
num_leaves=8
num_cat=0
split_feature=8 2 7 8 1 8 2
split_gain=4583.8 1566.1 1929.03 636.908 478.227 521.092 638.549
threshold=38.93499946594239 9.5000000000000018 0.99500000476837169 56.424999237060554 5.5000000000000009 18.744999885559086 11.500000000000002
decision_type=2 2 2 2 2 2 2
left_child=4 -2 -3 -4 5 6 -1
right_child=1 2 3 -5 -6 -7 -8
leaf_value=0.29261180025265082 -0.059565239530655824 0.03043958410094497 0.4245830015354865 1.1878082361817359 0.2021381307277248 0.072570691759340916 -0.080671787226056488
leaf_count=322 9638 1954 74 20 597 3614 83
internal_value=0 -0.327625 0.466529 4.89143 0.84935 0.725296 1.80093
internal_count=16302 11686 2048 94 4616 4019 405
shrinkage=0.12


Tree=5
num_leaves=8
num_cat=0
split_feature=0 0 0 8 2 1 1
split_gain=11370.6 3109.26 4416.97 3087.05 1654.33 1310.87 809.819
threshold=6.5000000000000009 1.0000000180025095e-35 1.5000000000000002 44.555000305175788 11.500000000000002 3.5000000000000004 4.5000000000000009
decision_type=2 2 2 2 2 2 2
left_child=1 -1 -3 6 -5 -6 -2
right_child=3 2 -4 4 5 -7 -8
leaf_value=0.059869494923556199 0.0018774352297166667 0.57038742987132995 0.1454556974160828 -0.090149106829128675 -0.098009916543960574 0.77059349976736924 0.1070953656900851
leaf_count=781 3691 706 703 8845 44 58 1474
internal_value=0 2.09934 2.98645 -0.349702 -0.705066 3.29918 0.265873
internal_count=16302 2190 1409 14112 8947 102 5165
shrinkage=0.12


Tree=6
num_leaves=8
num_cat=0
split_feature=0 0 0 8 2 2 7
split_gain=8805.42 2407.81 3420.5 2390.61 1281.11 808.147 612.499
threshold=6.5000000000000009 1.0000000180025095e-35 1.5000000000000002 44.555000305175788 11.500000000000002 10.500000000000002 0.11499999836087228
decision_type=2 2 2 2 2 2 2
left_child=1 5 -3 -2 -5 -1 -4
right_child=3 2 6 4 -6 -7 -8
leaf_value=0.0056408431538764164 0.028076202069743671 0.50194093857847 0.08673899507572834 -0.07933121236637361 0.34839360912056533 0.36941915117868102 0.43206282181399208
leaf_count=680 5165 706 619 8845 102 101 84
internal_value=0 1.84742 2.62808 -0.307737 -0.620458 0.439043 1.06668
internal_count=16302 2190 1409 14112 8947 781 703
shrinkage=0.12


Tree=7
num_leaves=8
num_cat=0
split_feature=0 2 2 0 0 1 2
split_gain=6818.92 1894.22 2866.86 1864.61 2648.84 904.201 625.829
threshold=6.5000000000000009 9.5000000000000018 2.5000000000000004 1.0000000180025095e-35 1.5000000000000002 4.5000000000000009 10.500000000000002
decision_type=2 2 2 2 2 2 2
left_child=3 2 -2 6 -5 -3 -1
right_child=1 5 -4 4 -6 -7 -8
leaf_value=0.0049639448514756032 0.057180711987348511 0.010645697006777546 -0.088064585648346669 0.4417080297973271 0.11264088929177905 0.15714364247451179 0.32508885662006859
leaf_count=680 2531 2101 8627 706 703 853 101
internal_value=0 -0.270809 -0.459318 1.62573 2.31271 0.441238 0.386358
internal_count=16302 14112 11158 2190 1409 2954 781
shrinkage=0.12


Tree=8
num_leaves=8
num_cat=0
split_feature=0 2 2 0 0 1 7
split_gain=5280.57 1504.74 1989.22 1443.95 2051.26 640.527 506.415
threshold=6.5000000000000009 10.500000000000002 2.5000000000000004 1.0000000180025095e-35 1.5000000000000002 4.5000000000000009 0.9650000035762788
decision_type=2 2 2 2 2 2 2
left_child=3 2 -2 -1 -5 6 -3
right_child=1 5 -4 4 -6 -7 -8
leaf_value=0.040799392278612651 0.050319028032103905 0.0094721198949434659 -0.069243411141348979 0.38870305940255562 0.099123982245348935 0.1770144084998494 0.35248963894293855
leaf_count=781 2531 1333 9620 706 703 563 65
internal_value=0 -0.238312 -0.369492 1.43064 2.03518 0.574525 0.211839
internal_count=16302 14112 12151 2190 1409 1961 1398
shrinkage=0.12


Tree=9
num_leaves=8
num_cat=0
split_feature=0 2 2 0 0 0 8
split_gain=4089.27 1237.44 1749.66 1118.2 1588.5 858.615 575.043
threshold=6.5000000000000009 9.5000000000000018 2.5000000000000004 1.0000000180025095e-35 1.5000000000000002 21.500000000000004 36.065000534057624
decision_type=2 2 2 2 2 2 2
left_child=3 2 6 -1 -5 -3 -2
right_child=1 5 -4 4 -6 -7 -8
leaf_value=0.035903467528340754 0.090929396920249247 0.02064092134663818 -0.06918763336503686 0.34205869756491258 0.08722910993066145 0.2238806121470131 -0.02585373302153381
leaf_count=781 1520 2616 8627 706 703 338 1011
internal_value=0 -0.209714 -0.362077 1.25897 1.79096 0.365799 0.369006
internal_count=16302 14112 11158 2190 1409 2954 2531
shrinkage=0.12


Tree=10
num_leaves=8
num_cat=0
split_feature=0 0 2 2 1 5 2
split_gain=2683.9 2774.75 882.72 1281.5 786.57 740.914 860.365
threshold=1.5000000000000002 1.0000000180025095e-35 10.500000000000002 2.5000000000000004 4.5000000000000009 1.0000000180025095e-35 9.5000000000000018
decision_type=2 2 2 2 2 2 2
left_child=1 5 3 -2 -3 -1 -7
right_child=2 4 -4 -5 -6 6 -8
leaf_value=-0.050082465879651095 0.044592277685035306 0.3982107216734872 0.056201479628001448 -0.048885408847594437 0.12722111206095327 0.091315277874469761 0.87472277111477315
leaf_count=699 2672 516 2014 10074 220 80 27
internal_value=0 1.23963 -0.146867 -0.244077 2.6434 -0.0422344 2.40831
internal_count=16302 1542 14760 12746 736 806 107
shrinkage=0.12


Tree=11
num_leaves=8
num_cat=0
split_feature=0 0 8 2 1 1 8
split_gain=2078.41 2148.76 714.899 694.561 651.56 609.12 527.434
threshold=1.5000000000000002 1.0000000180025095e-35 22.474999427795414 10.500000000000002 1.0000000180025095e-35 4.5000000000000009 69.444999694824233
decision_type=2 2 2 2 2 2 2
left_child=1 4 -2 -4 -1 6 -3
right_child=2 5 3 -5 -6 -7 -8
leaf_value=0.26982795541485149 0.10329671048774994 0.29961491620078989 -0.031767279225613836 0.047077903357669669 -0.046899915636439721 0.11195457581024278 0.64011146132822161
leaf_count=108 695 439 12212 1853 698 220 77
internal_value=0 1.09087 -0.129243 -0.178165 -0.0371663 2.32619 2.92021
internal_count=16302 1542 14760 14065 806 736 516
shrinkage=0.12


Tree=12
num_leaves=8
num_cat=0
split_feature=8 7 2 7 8 8 1
split_gain=897.034 2564.2 803.888 1159.27 557.777 858.583 854.387
threshold=32.424999237060554 0.66500002145767223 9.5000000000000018 0.99500000476837169 38.93499946594239 34.504999160766609 4.5000000000000009
decision_type=2 2 2 2 2 2 2
left_child=1 -1 -2 4 5 -4 -7
right_child=2 -3 3 -5 -6 6 -8
leaf_value=0.052764150285647793 -0.028085879970209719 1.4167967993617059 -0.090084574224184394 0.45014652732683685 -0.0016825474651330141 0.12411270027506281 0.51182153403759001
leaf_count=2571 11011 20 184 98 1972 338 108
internal_value=0 0.527443 -0.114146 0.374838 0.247673 1.06682 1.81664
internal_count=16302 2591 13711 2700 2602 630 446
shrinkage=0.12


Tree=13
num_leaves=8
num_cat=0
split_feature=8 7 2 7 8 8 1
split_gain=694.663 1985.72 622.531 897.741 431.942 664.886 661.637
threshold=32.424999237060554 0.66500002145767223 9.5000000000000018 0.99500000476837169 38.93499946594239 34.504999160766609 4.5000000000000009
decision_type=2 2 2 2 2 2 2
left_child=1 -1 -2 4 5 -4 -7
right_child=2 -3 3 -5 -6 6 -8
leaf_value=0.046432454942944568 -0.024715572519940204 1.2467811874151231 -0.079274427274080073 0.39612895043528806 -0.001480641636929454 0.10921917279047021 0.45040295290036331
leaf_count=2571 11011 20 184 98 1972 338 108
internal_value=0 0.46415 -0.100448 0.329858 0.217952 0.938798 1.59865
internal_count=16302 2591 13711 2700 2602 630 446
shrinkage=0.12


Tree=14
num_leaves=8
num_cat=0
split_feature=0 0 0 2 8 7 2
split_gain=1610.79 875.287 964.808 656.057 529.505 518.065 614.433
threshold=6.5000000000000009 1.0000000180025095e-35 1.5000000000000002 2.5000000000000004 22.474999427795414 1.0000000180025095e-35 9.5000000000000018
decision_type=2 2 2 2 2 2 2
left_child=1 5 -3 4 -2 -1 -7
right_child=3 2 -4 -5 -6 6 -8
leaf_value=-0.043907963100325138 0.16270803708583115 0.24570648499177364 0.047969974667875004 -0.028357971334881368 0.014765310447264986 0.072572809651494027 0.73461174117194272
leaf_count=699 416 736 687 11514 2143 80 27
internal_value=0 0.78041 1.25202 -0.134528 0.323462 -0.0522263 1.99691
internal_count=16302 2229 1423 14073 2559 806 107
shrinkage=0.12


Tree=15
num_leaves=8
num_cat=0
split_feature=1 8 8 8 1 8 2
split_gain=645.115 680.076 607.969 646.569 593.559 442.149 383.409
threshold=4.5000000000000009 49.879999160766609 16.82499980926514 22.474999427795414 5.5000000000000009 19.595000267028812 10.500000000000002
decision_type=2 2 2 2 2 2 2
left_child=-1 2 -2 4 6 -6 -4
right_child=1 -3 3 -5 5 -7 -8
leaf_value=-0.012033877876877347 -0.18857274241042588 -0.0021069500398546753 0.0075632223780037929 0.087961883020101966 0.31443829650878902 1.014789006445143 0.60205373712948385
leaf_count=11803 106 2408 61 1851 25 27 21
internal_value=0 0.344743 0.76197 0.886575 3.00776 5.65068 1.33176
internal_count=16302 4499 2091 1985 134 52 82
shrinkage=0.12


Tree=16
num_leaves=8
num_cat=0
split_feature=0 0 1 8 0 8 0
split_gain=1709.51 497.322 1030.4 512.175 586.717 678.85 719.236
threshold=7.5000000000000009 13.500000000000002 4.5000000000000009 32.424999237060554 8.5000000000000018 17.880000114440922 11.500000000000002
decision_type=2 2 2 2 2 2 2
left_child=-1 2 -2 4 -4 -6 -7
right_child=1 -3 3 -5 5 6 -8
leaf_value=0.083757828017853656 -0.080193136565549716 0.0017162544946335485 -0.1310593427201876 0.011439185625522456 -0.18715850534110234 0.66088174383324316 0.046558566674953554
leaf_count=3027 3577 8331 52 1162 29 83 41
internal_value=0 -0.134803 -0.386056 0.352425 1.80973 2.796 3.81466
internal_count=16302 13275 4944 1367 205 153 124
shrinkage=0.12


Tree=17
num_leaves=8
num_cat=0
split_feature=0 0 2 2 1 8 8
split_gain=1370.35 592.928 520.647 620.088 541.168 633.639 1097.69
threshold=6.5000000000000009 1.0000000180025095e-35 2.5000000000000004 9.5000000000000018 4.5000000000000009 34.98500061035157 38.93499946594239
decision_type=2 2 2 2 2 2 2
left_child=1 -1 -2 -4 -5 -6 -7
right_child=2 -3 3 4 5 6 -8
leaf_value=0.007828052314253816 0.037951677102528648 0.13721289366070877 -0.0382912030838043 -0.0070921873161159162 -0.071345436403536674 0.57838459033064715 0.10671035612212088
leaf_count=802 2505 1401 8725 2044 211 82 532
internal_value=0 0.750921 -0.097155 -0.186478 0.216821 0.90044 1.41419
internal_count=16302 2203 14099 11594 2869 825 614
shrinkage=0.12


Tree=18
num_leaves=8
num_cat=0
split_feature=0 3 0 1 8 0 2
split_gain=1073.01 452.179 382.114 759.746 421.186 420.027 416.916
threshold=7.5000000000000009 1.0000000180025095e-35 13.500000000000002 4.5000000000000009 18.744999885559086 14.500000000000002 2.5000000000000004
decision_type=2 2 2 2 2 2 2
left_child=1 -1 3 4 6 -4 -2
right_child=2 -3 5 -5 -6 -7 -8
leaf_value=0.075107021310406849 0.35743061882834282 -0.17835207475934711 0.082293689549966728 0.036807569939692197 -0.074791459249671788 -0.0063103437200248465 -0.24078143990558126
leaf_count=2922 62 105 859 1367 3492 7472 23
internal_value=0 0.552626 -0.107152 -0.327389 -0.569726 0.023546 1.62968
internal_count=16302 3027 13275 4944 3577 8331 85
shrinkage=0.12


Tree=19
num_leaves=8
num_cat=0
split_feature=0 0 8 0 8 2 2
split_gain=869.547 432.729 503.919 785.72 786.343 385.686 480.293
threshold=6.5000000000000009 1.0000000180025095e-35 69.444999694824233 4.5000000000000009 71.305000305175795 2.5000000000000004 9.5000000000000018
decision_type=2 2 2 2 2 2 2
left_child=1 -1 -3 4 -4 -2 -7
right_child=5 2 3 -5 -6 6 -8
leaf_value=0.0014407025157773582 0.033365387986207792 0.087708865936789268 0.97208809620993486 -0.089668576518694545 0.26268017286346074 -0.032564573368899799 0.024033650981876497
leaf_count=802 2505 1258 35 45 63 8725 2869
internal_value=0 0.597783 0.933111 2.71194 4.30033 -0.0777792 -0.154659
internal_count=16302 2203 1401 143 98 14099 11594
shrinkage=0.12


end of trees

feature importances:
Column_0=43
Column_8=37
Column_2=30
Column_1=19
Column_7=9
Column_3=1
Column_5=1

parameters:
[boosting: gbdt]
[objective: regression]
[metric: rmse]
[tree_learner: serial]
[device_type: cpu]
[data: ]
[valid: ]
[num_iterations: 100]
[learning_rate: 0.12]
[num_leaves: 8]
[num_threads: 0]
[max_depth: -1]
[min_data_in_leaf: 20]
[min_sum_hessian_in_leaf: 0.001]
[bagging_fraction: 0.8]
[bagging_freq: 5]
[bagging_seed: 3]
[feature_fraction: 0.9]
[feature_fraction_seed: 2]
[early_stopping_round: 0]
[max_delta_step: 0]
[lambda_l1: 0]
[lambda_l2: 0]
[min_gain_to_split: 0]
[drop_rate: 0.1]
[max_drop: 50]
[skip_drop: 0.5]
[xgboost_dart_mode: 0]
[uniform_drop: 0]
[drop_seed: 4]
[top_rate: 0.2]
[other_rate: 0.1]
[min_data_per_group: 100]
[max_cat_threshold: 32]
[cat_l2: 10]
[cat_smooth: 10]
[max_cat_to_onehot: 4]
[top_k: 20]
[monotone_constraints: ]
[feature_contri: ]
[forcedsplits_filename: ]
[refit_decay_rate: 0.9]
[verbosity: 0]
[max_bin: 255]
[min_data_in_bin: 3]
[bin_construct_sample_cnt: 200000]
[histogram_pool_size: -1]
[data_random_seed: 1]
[output_model: LightGBM_model.txt]
[snapshot_freq: -1]
[input_model: ]
[output_result: LightGBM_predict_result.txt]
[initscore_filename: ]
[valid_data_initscores: ]
[pre_partition: 0]
[enable_bundle: 1]
[max_conflict_rate: 0]
[is_enable_sparse: 1]
[sparse_threshold: 0.8]
[use_missing: 1]
[zero_as_missing: 0]
[two_round: 0]
[save_binary: 0]
[enable_load_from_binary_file: 1]
[header: 0]
[label_column: ]
[weight_column: ]
[group_column: ]
[ignore_column: ]
[categorical_feature: ]
[predict_raw_score: 0]
[predict_leaf_index: 0]
[predict_contrib: 0]
[num_iteration_predict: -1]
[pred_early_stop: 0]
[pred_early_stop_freq: 10]
[pred_early_stop_margin: 10]
[convert_model_language: ]
[convert_model: gbdt_prediction.cpp]
[num_class: 1]
[is_unbalance: 0]
[scale_pos_weight: 1]
[sigmoid: 1]
[boost_from_average: 1]
[reg_sqrt: 0]
[alpha: 0.9]
[fair_c: 1]
[poisson_max_delta_step: 0.7]
[tweedie_variance_power: 1.5]
[max_position: 20]
[label_gain: ]
[metric_freq: 1]
[is_provide_training_metric: 0]
[eval_at: ]
[num_machines: 1]
[local_listen_port: 12400]
[time_out: 120]
[machine_list_filename: ]
[machines: ]
[gpu_platform_id: -1]
[gpu_device_id: -1]
[gpu_use_dp: 0]

end of parameters

pandas_categorical:null
